10005
10021
10023
10024
10028
10065
10075
10128
10501
10502
10503
10527
10528
10533
10570
10578
10590
10706
10708
11020
11024
11050
11530
11560
11577
11598
11724
11739
11753
11771
11791
11797
11962
11975
01451
01467
15015
15086
01741
01742
01748
01770
01772
01773
01776
01778
01890
18913
19004
19010
19072
19085
01921
19312
19425
19732
19736
01984
20015
20016
20124
20143
02025
02052
20759
20777
20814
20833
20838
20842
20862
21029
21131
21405
21723
21737
21738
21794
21912
22027
22039
22124
22181
22182
22207
22213
23103
02420
02421
02459
02466
02482
02492
28480
29482
32963
33109
33149
33473
34228
35223
37350
03750
38139
40025
43054
44022
44040
45243
46077
46814
48301
48302
48304
53122
55356
55424
60015
60029
60035
60069
60091
60305
60558
60611
06092
63005
63038
63124
63131
06525
06612
66221
06824
68520
06877
06896
07028
07039
07082
07090
07311
73151
07401
07423
07450
07452
07481
75225
76034
07632
07641
07670
07677
77094
07722
07733
07739
77401
78257
07869
07870
78730
78733
78746
07901
07920
07922
07924
07928
07934
07939
07946
80108
08202
08502
85253
85255
85377
08540
08550
89402
89413
90067
90263
90266
90290
91008
91105
91302
91436
92014
92091
92145
92210
92603
92625
92651
92678
92679
92861
92887
93108
93953
94010
94062
94129
94506
94526
94549
94575
94586
94618
94904
94920
95030
95070
95120
95138
95746
98040
