12260

12260

11249

12260

11241

10152

10168

10168

12260

10111

12260

10168

10702

12260

12260

12260

11241

12260

12260

12260

11249

10168

11249

12260

11241

12260

12231

12231

10168

12260

12260

11241

11249

12201-2222

10168

11243

10168

10168

12260

10177

14702

12260

12260

11242

10175

12260

11249

12201-2222

11242

11241

12260

11452

11249

10123

12260

11249

10122

10122

10166

10122

10107

11376

11249

12260

12221

10123

10123

10168

12260

11241

10116

11241

12231

10176

12260

11376

11025

11249

10107

11249

12260

12260

10166

12260

12260

10168

11242

11022

13220

10168

12260

12260

10168

12260

10167-4000

12260

12260

11241

10168

12260

13400

11582

10282-1242

11241

11241

11241

11242

12260

10949

10986

11249

11249

11249

12260

10176

12260

10123

12260

11249

14851

11241

10168

10168

12260

11026

12260

10168

10168

12260

10120

11249

12231

10168

11241

10168

10168

10168

12260

11249

12260

10168

10168

10168

10163

10986

10168

11249

12260

12260

07164

12201

11272

11241

10174

12260

12260

12238-2349

11241

11241

11241

11249

14848

10643

11249

12260

12260

10168

11241

11249

11249

10168

12260

11241

10053

12260

11241

12260

11241

10282

11249

12260

10742

12231

12260

12260

12260

10156

10176

10168

12260

12260

12260

10282

10168

12260

12260

10168

11249

11249

12730

12260

12260

11249

11241

11241

11249

12260

10116

12260

12260

12260

11242

10279

10279

11249

12260

11249

12260

12231

12231

10174

11249

10168

11249

12260

11249

11759

12260

10168

11476

12260

11202

12260

12260

12260

11241

12260

11249

11249

11335

11241

12260

12260

10802

11241

10168

12260

10168

11241

11241

10168

11249

10282

12201-2222

13627

11249

10175

10106

10168

12260

10169

12551

11249

11326

10271

12231

11202

11249

11249

11202

12260

10168

12231

12260

12602

10168

11249

10119

12260

10168

11329

12260

11241

12260

11249

10168

10168

10168

10150

11011

10168

12260

10168

10168

12201

10169

11249

14642

10168

10168

12260

11249

12260

10123

11241

11241

10047

10169

10123

10123

11249

12260

11431

12260

13201

11249

11241

11249

10279

11249

10123

12260

11249

10111

11249

11571

12260

12260

11249

10168

11241

10107

12260

10123

11027

10108

10166

10282

10150

11249

11249

11242

12260

10111

12201

14876

10168

10151

10168

11249

12260

10169

12260

11457

11243

11249

10111

12968

10169

11249

10169

11249

10169

11241

12260

10008-0033

11249

10080

11582

10168

12260

11249

12250

10169

12260

12181

11463-1602

11241

11249

10168

11376

10168

14096

11241

11249

10107-1609

12260

11249

12260

10175

12863

12260

11249

13851

11241

12260

14515

11249

12260

10119

10008-1072

11437

11249

10123

12260

11241

11241

11241

10345

10572

11241

11241

12260

10118

11249

11241

12260

12260

10168

10166

10168

11760

12260

12181

11249

11249

12260

10168

13875

10702

12260

12536

10123

11249

10169

11241

14163

10282

10169

20520

12260

12260

11259

11249

11241

11249

12260

11249

11802

11242

10168

11249

10168

10150

12260

11249

12260

12260

11241

10282

10282

11249

10105

11249

12260

11249

11249

12260

12260

12260

12260

12225

12260

12260

12260

11582

12260

12260

10168

12260

10168

11249

12260

10123

11249

11241

12260

11333

12260

11249

11241

12260

10123

10166

11249

11249

10168

11255

12231

10174

11025

12260

11249

11241

11241

11241

10168

11241

10123

11249

12260

11249

10282

11241

10118

10279

