10007
10504
10506
10510
10514
10518
10519
10526
10536
10538
10546
10560
10576
10577
10580
10583
10597
10803
10804
11030
11042
11545
11548
11568
11576
11765
14853
18977
19035
19066
19710
19735
19807
02030
20812
20815
20816
20817
20818
20854
21036
21153
22066
22101
22102
02457
02462
02467
02468
02481
02493
28207
30327
33480
60022
60043
60045
60093
60521
68010
06807
06820
06830
06831
06840
06853
06870
06878
06880
06883
06890
06897
06903
07021
07043
07046
07059
07078
73019
07417
07458
75205
76092
07620
07627
77005
77024
07760
07926
07930
07931
07935
07945
07970
07976
82063
08558
90049
90077
90210
90265
90272
90274
90402
91011
91108
92067
92657
94022
94024
94027
94028
94301
94507
94528
94563
94573
94957
95140
98039
