10464
12015
12740
13327
01339
13424
13437
13441
13459
13740
13788
13796
13825
14435
14779
14822
14884
15260
15870
16341
19474
20198
21252
21555
21640
21649
21659
22435
22567
23824
23868
02568
27305
27826
27855
27888
27919
28310
29001
29009
29046
29593
29810
29836
30460
30602
30609
30734
31012
31630
31634
32052
03226
32322
32465
32531
03256
32564
35460
35470
36425
36753
37916
38337
38472
38952
39338
39358
40387
41171
43210
43332
43341
44101
45732
47306
47612
47616
47633
47928
48761
48766
48877
48891
48897
49055
49229
49309
49446
04945
49625
49644
49650
49663
49665
49683
49729
49753
49873
49884
50012
53706
54470
54736
54763
56159
56715
56742
56748
59038
61570
62413
62433
06269
64153
64724
64763
06752
67838
68178
71260
71465
72168
07420
76055
76070
76433
77435
78712
79248
79356
79501
79528
79529
79843
79848
81020
81136
81641
83112
83127
08349
84063
84512
84534
89835
94964
95303
95345
95485
95971
97016
97368
98376
98621
99139
99347
99519
