10002
10026
01003
10030
10031
10032
10034
10035
10037
10039
10040
01013
01040
10451
10452
10453
10454
10455
10456
10457
10458
10459
10460
10462
10467
10468
10472
10473
10474
01063
10705
10805
01103
01104
01105
01107
01108
01109
11101
01119
11206
11207
11208
11211
11212
11213
11214
11216
11219
11220
11221
11224
11225
11226
11232
11233
11237
11239
11355
11370
11435
01151
11691
11692
11794
12010
12036
12043
12051
12057
12064
12078
12149
12155
12160
12167
12182
12197
01220
12202
12206
12207
12210
12305
12307
12405
12407
12427
12428
12436
12438
12442
12450
12454
12455
12459
01247
12470
12473
12485
12496
12701
12725
12734
12742
12749
12751
12759
12768
12788
12801
12811
12819
12837
12839
12841
12843
12849
12851
12852
12853
12855
12856
12857
12858
12861
12862
12870
12872
12883
12886
12887
12901
12903
12910
12911
12914
12916
12917
12922
12923
12924
12926
12927
12929
12930
12933
12934
12935
12937
12944
12955
12956
12957
12958
12959
12960
12961
12965
12966
12967
12973
12974
12980
12998
13024
13064
13074
13083
13111
13120
13143
13144
13156
13202
13203
13204
13205
13206
13207
13208
13210
13211
13302
13305
13312
13313
13314
13320
13325
13326
13329
13338
13340
13345
13350
13361
13364
13365
13367
13368
13407
13410
13417
13418
13428
13433
13439
13450
13452
13470
13471
13473
13485
13489
13493
13494
13495
13501
13502
13601
13602
13603
13607
13613
13617
13619
13620
13628
13630
13633
13635
13636
13639
01364
13642
13643
13648
13652
13655
13661
13662
13665
13666
13669
13670
13674
13675
13676
13679
13681
13684
13690
13691
13695
13696
13697
13730
13734
13739
13750
13751
13753
13754
13755
13756
01376
13774
13780
13783
13786
13790
13804
13809
13810
13812
13815
13820
13839
13842
13845
13847
13849
13856
13859
13860
13861
13904
13905
14004
14013
14024
14034
14042
14048
14062
14063
14066
14070
14101
14103
14129
14130
14138
14171
14173
14201
14203
14204
14206
14207
14208
14210
14211
14212
14213
14214
14215
14218
14219
14220
14222
14225
14301
14302
14303
14305
14411
14433
14437
14454
14489
14504
14507
14513
14517
14530
14536
14550
14560
14569
14572
14604
14605
14606
14608
14609
14611
14613
14614
14615
14619
14620
14621
14701
14707
14708
14709
14711
14715
14716
14717
14719
14721
14723
14724
14726
14727
14729
14732
14733
14735
14736
14737
14739
14740
14741
14744
14747
14748
14753
14754
14755
14760
14767
14769
14770
14772
14774
14775
14778
14781
14783
14787
14788
14801
14804
14805
14806
14807
14809
14810
14813
14819
14820
14836
14839
14843
14846
14855
14856
14860
14865
14869
14873
14877
14880
14885
14889
14892
14895
14897
14898
14901
14904
15003
15004
15012
15014
15019
15022
15027
15030
15033
15034
15035
15045
15049
15053
15054
15056
15059
15060
15062
15065
15066
15067
15072
15074
15078
15087
15089
15104
15110
15112
15120
15122
15132
15133
15137
15140
15144
15145
15148
15201
15204
15206
15207
15208
15210
15212
15213
15214
15219
15221
15224
15225
15233
15314
15315
15320
15322
15325
15327
15331
15334
15338
15344
15346
15349
15351
15353
15357
15370
15401
15410
15411
15412
15413
15417
15419
15420
15422
15423
15424
15425
15428
15430
15431
15432
15433
15434
15435
15436
15438
15442
15443
15444
15445
15446
15447
15449
15450
15451
15454
15455
15456
15458
15459
15460
15461
15462
15463
15464
15466
15467
15468
15469
15470
15472
15473
15474
15475
15476
15477
15478
15480
15482
15483
15486
15489
15490
15492
15501
15520
15521
15522
15530
15531
15532
15533
15534
15536
15537
15538
15539
15540
15544
15545
15546
15547
15550
15551
15552
15554
15557
15558
15559
15562
15563
15564
15612
15620
15621
15622
15627
15629
15631
15639
15661
15663
15666
15671
15673
15675
15679
15683
15686
15688
15689
15690
15697
15701
15711
15712
15713
15714
15715
15717
15721
15724
15725
15727
15728
15730
15731
15737
15741
15742
15744
15746
15748
15752
15753
15754
15756
15757
15759
15764
15765
15767
15770
15771
15772
15773
15775
15776
15778
15779
15780
15783
15784
15821
15823
15824
15825
15827
15828
15829
15834
15840
15841
15845
15846
15847
15848
15849
15851
15853
15856
15860
15863
15864
15865
15866
15868
15901
15902
15906
15909
15920
15921
15922
15923
15924
15925
15926
15929
15936
15938
15943
15944
15945
15946
15949
15953
15954
15956
15957
15958
15960
15961
15962
15963
16001
16028
01603
16035
16036
16038
16041
16049
16054
16057
16061
01608
01610
16101
16102
16110
16111
16112
16114
16116
16117
16121
16124
16125
16130
16131
16132
16134
16140
16141
16145
16146
16151
16154
16155
16157
16160
16161
16201
16210
16211
16213
16214
16217
16218
16222
16223
16226
16228
16232
16233
16235
16236
16238
16239
16240
16244
16245
16246
16248
16249
16250
16253
16255
16256
16258
16259
16260
16263
16301
16311
16312
16313
16314
16319
16321
16322
16323
16326
16328
16329
16332
16333
16335
16340
16343
16344
16346
16351
16352
16353
16354
16360
16361
16364
16365
16370
16371
16373
16374
16401
16402
16403
16404
16405
16406
16407
16411
16416
16420
16423
16424
16434
16435
16436
16438
16443
16444
16501
16502
16503
16504
16507
16508
16546
16601
16602
16613
16616
16617
16619
16620
16621
16622
16623
16627
16630
16631
16633
16634
16636
16637
16639
16640
16641
16645
16646
16650
16651
16652
16655
16656
16657
16659
16661
16662
16664
16666
16667
16668
16670
16671
16672
16673
16674
16678
16679
16680
16685
16686
16689
16691
16692
16693
16694
16695
16701
16720
16724
16729
16730
16731
16733
16735
16740
16743
16745
16746
16748
16749
16750
16801
16802
16820
16821
16822
16825
16830
16832
16833
16834
16836
16837
16838
16839
16840
16843
16845
16847
16848
16849
16852
16853
16854
16855
16858
16860
16861
16863
16866
16871
16872
16876
16878
16879
16881
16882
16901
16912
16914
16917
16920
16922
16923
16925
16926
16927
16928
16929
16930
16932
16933
16935
16936
16937
16938
16939
16940
16941
16942
16943
16946
16947
16948
16950
17002
17004
17009
17021
17027
17029
17034
17035
17044
17046
17051
17052
17058
17060
17063
17066
17075
17082
17086
17098
17099
17101
17102
17103
17104
17113
17201
17223
17228
17229
17233
17243
17249
17253
17257
17260
17264
17344
17401
17602
17701
17721
17724
17729
17730
17731
17745
17748
17749
17750
17751
17758
17760
17763
17764
17765
17767
17768
17778
17779
17801
17810
17812
17813
17814
17829
17832
17834
17835
17840
17841
17842
17845
17847
17851
17853
17856
17861
17862
17866
17872
17878
17880
17881
17885
17886
17887
17901
17921
17923
17925
17930
17931
17934
17935
17936
17943
17946
17948
17949
17952
17953
17954
17959
17965
17970
17976
17981
17982
18101
18102
18105
18109
18201
18202
18216
18218
18221
18223
18224
18225
18232
18234
18237
18239
18240
18250
18252
18255
01840
18407
01841
18417
18421
18427
01843
18431
18437
18452
18461
18503
18504
18505
18508
18510
18517
18603
18614
18616
18617
18619
18623
18626
18628
18630
18632
18634
18651
18701
18702
18704
18705
18706
18709
18810
18814
18821
18822
18828
18832
18833
18837
18840
18846
18847
18848
18854
01901
19013
01902
19022
19023
01905
19079
19104
19116
19120
19121
19122
19123
19124
19125
19126
19131
19132
19133
19134
19135
19136
19137
19138
19139
19140
19141
19142
19143
19144
19145
19146
19148
19149
19151
19153
19475
19601
19602
19604
19611
19717
19801
19802
19902
20006
20019
20020
20032
20052
20064
20724
20742
02119
02120
21201
21202
21205
21206
02121
21213
21215
21216
21217
21223
21225
21229
21250
02134
02150
21502
21521
21523
21538
21539
21540
21542
21543
21545
21550
21557
21562
02163
21632
21636
21740
21750
21802
21817
21821
21824
21851
21853
21866
21869
21871
22134
02215
22504
22542
22548
22560
22572
22802
22811
22820
22830
22849
22851
22904
22960
23004
23023
23024
23027
23032
23040
23075
23079
23085
23117
23123
23126
23148
23161
23180
23219
23220
23222
23223
23224
23301
23306
23307
23308
23324
23347
23354
23357
23359
23405
23407
23408
23409
23414
23418
23420
23421
23422
23423
23426
23427
23441
23442
23480
23488
23504
23513
23523
23551
23604
23605
23607
23663
23690
23701
23702
23704
23707
23708
23803
23806
23821
23827
23828
23829
23837
23843
23844
23845
23847
23851
23856
23857
23860
23867
23874
23876
23878
23882
23884
23887
23888
23889
23890
23891
23893
23897
23901
23915
23917
23919
23920
23921
23922
23923
23924
23927
23930
23934
23936
23937
23938
23942
23944
23947
23950
23952
23954
23958
23959
23960
23962
23963
23964
23966
23967
23968
23974
23976
24012
24013
24016
24017
24053
24054
24055
24060
24069
24072
24076
24078
24079
24082
24084
24086
24088
24089
24091
24092
24093
24102
24105
24112
24120
24122
24124
24133
24134
24136
24137
24139
24141
24142
24147
24148
24150
24151
24161
24162
24165
24167
24168
24171
24185
24201
24210
24216
24217
24219
24220
24221
24224
24225
24226
24228
24230
24236
24237
24239
24243
24244
24245
24246
24248
24250
24251
24256
24258
24260
24263
24266
24269
24270
24271
24272
24273
24277
24279
24280
24281
24283
24290
24292
24301
24311
24312
24313
24314
24315
24316
24317
24318
24319
24322
24323
24324
24325
24326
24328
24330
24333
24340
24343
24347
24348
24350
24351
24352
24354
24360
24361
24363
24366
24368
24370
24374
24375
24377
24378
24380
24381
24382
24411
24412
24415
24416
24421
24422
24426
24430
24431
24432
24435
24439
24441
24445
24448
24450
24457
24460
24473
24474
24479
24482
24483
24484
24485
24487
24501
24502
24504
24517
24523
24527
24528
24529
24530
24531
24534
24539
24540
24541
24553
24554
24555
24557
24558
24563
24565
24566
24569
24570
24572
24577
24579
24580
24586
24588
24589
24592
24593
24594
24595
24597
24598
24599
24601
24602
24603
24604
24605
24606
24607
24609
24612
24613
24614
24620
24622
24628
24630
24631
24634
24635
24637
24639
24641
24646
24649
24651
24656
24657
24701
24712
24714
24715
24716
24719
24724
24726
24729
24731
24733
24736
24737
24738
24740
24747
24801
24808
24811
24813
24815
24816
24817
24818
24822
24823
24826
24827
24828
24830
24831
24834
24836
24839
24843
24844
24845
24846
24847
24848
24849
24850
24851
24853
24854
24857
24860
24861
24862
24866
24867
24868
24869
24870
24871
24872
24873
24874
24878
24879
24880
24881
24882
24884
24887
24888
24892
24894
24898
24910
24915
24916
24918
24920
24924
24925
24927
24931
24934
24935
24938
24941
24944
24945
24946
24951
24954
24957
24962
24963
24966
24970
24974
24976
24977
24981
24983
24984
24986
24991
25002
25005
25007
25008
25011
25015
25019
25021
25022
25024
25025
25028
25030
25031
25033
25035
25036
25039
25040
25043
25044
25045
25047
25048
25049
25053
25054
25057
25059
25060
25061
25062
25063
25064
25067
25070
25075
25076
25081
25083
25085
25086
25088
25090
25093
25102
25103
25106
25107
25108
25109
25110
25111
25113
25114
25115
25118
25119
25121
25123
25124
25125
25126
25130
25132
25133
25134
25136
25139
25140
25141
25148
25149
25152
25156
25159
25160
25161
25162
25164
25165
25168
25173
25174
25177
25180
25181
25183
25185
25186
25187
25193
25203
25204
25205
25206
25208
25209
25211
25214
25234
25235
25243
25247
25251
25252
25253
25259
25260
25261
25262
25264
25265
25266
25267
25268
25270
25271
25275
25276
25285
25286
25287
25301
25302
25306
25309
25312
25315
25411
02542
25422
25431
25434
25437
25444
25501
25502
25503
25505
25506
25507
25508
25511
25512
25514
25515
25517
25520
25521
25523
25524
25529
25530
25534
25535
25537
25540
25541
25547
25550
25555
25557
25564
25565
25567
25570
25571
25573
25601
25606
25607
25608
25611
25617
25621
25624
25625
25628
25630
25632
25634
25635
25637
25638
25639
25644
25646
25647
25649
25650
25651
25652
25653
25654
25661
25666
25669
25670
25671
25672
25674
25676
25678
25688
25690
25692
25696
25699
25701
25702
25703
25704
25801
25810
25811
25812
25813
25818
25820
25823
25825
25826
25827
25831
25832
25837
25840
25841
25843
25845
25846
25848
25853
25854
25855
25857
25862
25864
25868
25870
25871
25873
25875
25876
25878
25879
25880
25882
25901
25902
25904
25907
25908
25911
25913
25915
25916
25917
25921
25922
25928
25936
25938
25942
25951
25958
25962
25969
25971
25972
25976
25977
25978
25979
25981
25984
25985
26030
26031
26033
26034
26035
26036
26037
26039
26040
26041
26047
26050
26055
26056
26075
26101
26133
26134
26136
26137
26138
26141
26142
26143
26146
26147
26148
26149
26151
26152
26155
26159
26160
26161
26164
26167
26169
26170
26175
26178
26201
26202
26203
26205
26206
26208
26209
26215
26217
26218
26222
26224
26228
26230
26234
26236
26237
26238
26241
26250
26253
26254
26257
26259
26261
26263
26264
26266
26267
26268
26269
26270
26273
26275
26276
26278
26280
26282
26283
26285
26287
26288
26291
26292
26293
26294
26296
26298
26301
26320
26321
26323
26325
26327
26335
26337
26338
26339
26342
26343
26346
26347
26348
26349
26351
26354
26361
26362
26366
26369
26372
26374
26376
26377
26378
26384
26386
26404
26405
26410
26411
26412
26415
26416
26419
26421
26422
26424
26425
26426
26430
26431
26435
26436
26437
26438
26440
26443
26444
26447
26448
26451
26452
26456
26501
26505
26520
26534
26537
26541
26543
26547
26554
26559
26562
26563
26568
26570
26571
26572
26575
26576
26581
26582
26585
26586
26587
26591
26601
26611
26615
26617
26619
26621
26623
26624
26627
26629
26631
26636
26638
26651
26656
26660
26662
26676
26678
26679
26680
26681
26684
26690
26691
26704
26705
26707
26710
26711
26714
26716
26717
26720
26722
26726
26731
26739
26743
26750
26755
26757
26761
26763
26764
26767
26801
26802
26804
26807
26808
26810
26812
26814
26815
26817
26818
26823
26833
26836
26845
26847
26851
26852
26855
26865
26866
26884
27007
27011
27013
27014
27016
27017
27018
27020
27022
27024
27025
27027
27030
27042
27046
27048
27051
27053
27054
27055
27101
27105
27107
27110
27127
27203
27208
27209
02721
27212
27217
27229
02723
27239
02724
27248
27260
27262
27281
27288
27291
27292
27298
27299
27306
27311
27314
27315
27316
27317
27320
27325
27326
27332
27341
27343
27344
27355
27356
27360
27379
02740
27401
27403
27405
27406
02744
02746
27504
27505
27507
27508
27509
27521
27524
27530
27531
27536
27537
27542
27544
27546
27549
27551
27553
27555
27556
27557
27563
27568
27569
27573
27576
27582
27589
27601
27610
27701
27703
27704
27801
27805
27806
27810
27812
27813
27816
27817
27819
27820
27822
27823
27828
27830
27831
27832
27834
27839
27840
27841
27843
27844
27845
27846
27847
27849
27850
27851
27852
27853
27857
27860
27861
27862
27864
27866
27869
27870
27871
27872
27874
27876
27881
27882
27883
27884
27886
27889
27891
27892
27893
27897
27910
27915
27916
27920
27922
27923
27924
27925
27928
27932
27935
27936
27937
27938
27939
27942
27943
27944
27949
27957
27962
27965
27967
27968
27970
27972
27980
27982
27983
27986
28001
28007
28009
28016
28018
28019
28020
28021
28033
28034
28039
28040
28043
28052
28073
28076
28077
28081
28086
28088
28089
28090
28091
28092
28098
28101
28102
28114
28119
28128
28139
28144
28150
28152
28159
28160
28167
28168
28169
28170
28174
28205
28206
28208
28212
28213
28216
28217
28262
28301
28304
28307
28308
28315
28318
28320
28323
28325
28326
28328
28330
28332
28333
28334
28337
28338
28339
28340
28341
28343
28344
28345
28351
28352
28357
28358
28360
28363
28364
28365
28366
28367
28369
28371
28372
28373
28375
28376
28377
28379
28382
28383
28384
28385
28386
28390
28392
28393
28396
28398
28399
28401
28403
28420
28421
28422
28423
28424
28425
28430
28431
28432
28433
28434
28435
28436
28438
28439
28441
28448
28453
28454
28455
28456
28457
28458
28462
28463
28464
28466
28470
28472
28478
28501
28504
28508
28510
28513
28515
28518
28519
28520
28521
28523
28524
28525
28526
28527
28529
28530
28531
28537
28538
28539
28540
28543
28544
28547
28551
28552
28554
28555
28572
28573
28574
28578
28579
28580
28581
28585
28586
28587
28589
02860
28602
28606
28607
28611
28612
28615
28616
28617
28619
28621
28622
28623
28624
28627
28628
02863
28631
28634
28635
28636
28637
28638
28640
28642
28643
28644
28645
28647
28649
28650
28651
28655
28658
28659
28660
28663
28665
28666
28667
28668
28669
28670
28675
28676
28677
28678
28679
28681
28683
28684
28685
28689
28690
28692
28693
28694
28698
28702
28705
28707
28708
28709
28713
28714
28716
28719
28723
28725
28726
28729
28733
28734
28740
28743
28748
28749
28751
28752
28753
28754
28756
28761
28762
28768
28771
28772
28777
28778
28779
28781
28783
28786
28789
28792
28801
28806
28901
28902
28904
28905
28906
28909
02895
29003
29006
29010
29014
29015
29018
02903
29030
29031
29032
29033
29037
29038
29039
29040
29042
29044
29047
29048
02905
29051
29052
29053
29055
29056
29058
29059
29065
29067
29069
02907
29079
02908
29080
29081
29082
02909
29101
29102
29104
29105
29107
29108
29111
29112
29113
29114
29115
29117
29123
29125
29128
29129
29133
29135
29137
29138
29142
29145
29146
29148
29150
29152
29153
29160
29161
29162
29163
29164
29166
29168
29172
29178
29180
29201
29203
29204
29207
29210
29303
29306
29320
29321
29323
29324
29325
29329
29330
29331
29332
29333
29335
29340
29341
29351
29353
29355
29360
29364
29368
29370
29372
29373
29377
29378
29379
29384
29385
29388
29403
29404
29405
29406
29423
29424
29426
29431
29432
29434
29435
29436
29437
29440
29448
29453
29468
29471
29472
29474
29475
29477
29479
29481
29488
29493
29506
29510
29511
29512
29516
29518
29519
29520
29525
29527
29530
29532
29536
29540
29543
29544
29545
29546
29547
29554
29555
29556
29560
29563
29564
29565
29567
29568
29569
29570
29571
29574
29580
29581
29583
29584
29590
29591
29592
29594
29596
29601
29611
29617
29620
29624
29626
29627
29628
29630
29634
29638
29639
29640
29646
29653
29654
29655
29657
29658
29659
29661
29664
29666
29667
29671
29683
29684
29691
29692
29702
29706
29709
29717
29718
29720
29724
29726
29727
29728
29729
29730
29741
29742
29743
29801
29812
29816
29817
29819
29824
29826
29827
29828
29829
29831
29832
29834
29835
29842
29843
29848
29849
29850
29851
29853
29856
29899
29904
29911
29912
29916
29918
29921
29922
29923
29924
29927
29929
29932
29934
29935
29936
29939
29940
29943
29944
29945
30021
30032
30035
30070
30072
30079
30083
30093
30104
30108
30110
30113
30117
30118
30125
30139
30153
30161
30168
30176
30182
30204
30217
30218
30222
30223
30230
30238
30241
30250
30251
30260
30274
30285
30286
30288
30291
30293
30297
30303
30310
30311
30313
30314
30315
30322
30332
30337
30344
30354
30401
30410
30411
30412
30413
30417
30420
30421
30423
30425
30426
30427
30428
30434
30436
30438
30439
30441
30442
30445
30446
30448
30449
30451
30452
30453
30454
30455
30456
30457
30458
30461
30464
30467
30470
30471
30473
30474
30475
30477
30504
30507
30510
30511
30513
30516
30520
30521
30522
30525
30528
30529
30530
30531
30533
30535
30536
30538
30540
30541
30546
30553
30555
30557
30558
30559
30560
30563
30565
30572
30577
30582
30601
30605
30607
30619
30624
30627
30628
30629
30630
30631
30634
30635
30643
30646
30648
30660
30662
30664
30665
30667
30668
30669
30673
30678
30701
30705
30708
30711
30721
30725
30728
30730
30731
30733
30735
30741
30742
30746
30747
30751
30752
30753
30757
30807
30808
30810
30812
30814
30816
30817
30818
30820
30821
30822
30823
30824
30828
30830
30833
30901
30904
30905
30906
30912
31001
31002
31003
31006
31007
31009
03101
31014
31015
31017
31018
31019
31020
31021
31023
31027
31030
31031
31033
31035
31036
31037
31038
31039
31041
31042
31044
31045
31051
31054
31055
31057
31058
31060
31061
31062
31063
31066
31067
31068
31070
31071
31072
31075
31076
31077
31078
31079
31081
31082
31083
31084
31087
31089
31090
31091
31092
31093
31094
31096
31098
31201
31204
31206
31207
31211
31217
31301
31304
31305
31313
31315
31316
31322
31323
31327
31331
31401
31404
31405
31408
31409
31415
31501
31503
31510
31513
31516
31518
31519
31520
31532
31533
31535
31537
31539
31542
31543
31544
31545
31547
31549
31550
31551
31553
31554
31555
31556
31557
31560
31562
31563
31565
31566
31567
31568
31601
31605
31620
31622
31624
31626
31627
31629
31631
31635
31637
31639
31641
31642
31643
31645
31647
31648
31650
31698
31701
31705
31707
31709
31711
31712
31714
31716
31719
31720
31722
31730
31735
31738
31743
31744
31747
31749
31750
31757
31764
31765
31768
31771
31772
31774
31775
31778
31779
31780
31781
31783
31784
31788
31789
31790
31791
31793
31794
31796
31798
31801
31803
31805
31806
31810
31812
31814
31815
31816
31821
31823
31824
31825
31826
31827
31830
31832
31833
31836
31901
31903
31906
31907
32008
32025
32026
32038
32054
32055
32058
32059
32060
32061
32062
32064
32066
32071
32072
32083
32087
32091
32094
32096
32102
32110
32112
32113
32114
32117
32119
32129
32132
32134
32139
32140
32145
32147
32148
32157
32177
32179
32181
32187
32189
32193
32202
32206
32208
32209
32211
32212
32227
32228
32234
32254
32301
32304
32305
32310
32320
32321
32324
32328
32330
32331
32332
32336
32340
32343
32344
32348
32351
32352
32356
32359
32361
32399
32401
32420
32421
32423
32424
32425
32426
32427
32428
32430
32431
32433
32435
32437
32438
32439
32440
32442
32443
32445
32447
32448
32449
32455
32460
32462
32463
32464
32466
32501
32502
32505
32506
32511
32535
32567
32601
32603
32609
32612
32617
32619
32621
32625
32626
32628
32639
32640
32641
32648
32666
32667
32680
32683
32686
32692
32693
32696
32763
32767
32784
32798
32801
32805
32807
32808
32809
32811
32818
32821
32822
32839
32901
32905
32908
32922
32925
32935
32948
32976
33004
33009
33010
33012
33013
33014
33020
33023
33030
33033
33034
33054
33055
33056
33066
33068
33069
33122
33125
33126
33127
33128
33130
33135
33136
33142
33144
33145
33147
33150
33161
33167
33168
33172
33174
33182
33311
33313
33314
33319
33404
33407
33409
33415
33417
33430
33438
33440
33441
33460
33461
33471
33476
33493
33513
33514
33523
33534
33538
33540
33541
33542
33563
33585
33592
33597
33603
33604
33605
33607
33610
33612
33613
33614
33617
33619
33634
33701
33705
33709
33711
33712
33714
33744
33755
33760
33771
33778
33781
33782
33801
33805
33815
33825
33834
33838
33839
33841
33843
33844
33847
33850
33851
33852
33853
33854
33855
33856
33857
33859
33865
33867
33870
33872
33873
33875
33876
33877
33880
33881
33890
33898
33903
33907
33916
33930
33935
33936
33944
33952
33960
33976
33980
33982
34142
34205
34207
34208
34221
34222
34234
34237
34266
34268
34269
34287
03441
34420
34428
34431
34432
34434
34436
34442
34445
34446
34448
34449
34450
34452
34453
34461
34465
34470
34472
34473
34475
34479
34481
34482
34488
34491
34498
03451
34601
34606
34608
34613
34652
34653
34667
34668
34669
34690
34691
34741
34743
34748
34759
34785
34946
34947
34950
34951
34952
34956
34972
34981
34982
35010
35014
35016
35019
35020
35031
35032
35033
35034
35042
35044
35045
35053
35055
35057
35058
35061
35063
35064
35070
35072
35077
35082
35083
35087
35089
35096
35098
35125
35130
35136
35148
35149
35150
35160
35179
35187
35203
35204
35205
35206
35207
35208
35211
35212
35214
35215
35217
35218
35221
35224
35228
35233
35234
35254
35401
35404
35441
35442
35443
35446
35447
35459
35461
35462
35464
35466
35469
35476
35477
35481
35501
35540
35541
35542
35543
35544
35545
35546
35548
35549
35550
35552
35553
35554
35555
35559
35563
35564
35565
35570
35571
35572
35574
35575
35576
35577
35578
35579
35580
35581
35582
35584
35585
35586
35587
35593
35594
35601
03561
35614
35616
35618
35622
35630
35633
35643
35646
35650
35651
35653
35654
35660
35672
35674
35677
03570
35740
35744
35745
35746
35751
35752
35755
03576
35760
35764
35765
35766
35768
35771
35772
35774
35776
03579
35805
35810
35816
03582
03590
35901
35903
35904
03592
35950
35951
35952
35954
35956
35957
35958
35959
35960
35961
35962
35963
35966
35967
35968
03597
35971
35972
35973
35974
35975
35978
35979
35980
35981
35983
35984
35986
35987
35988
35989
35990
36003
36005
36006
36009
36010
36016
36017
36027
36028
36030
36031
36032
36033
36034
36035
36037
36038
36039
36040
36041
36042
36047
36048
36049
36053
36071
36075
36079
36081
36082
36083
36088
36089
36091
36104
36105
36107
36108
36110
36201
36205
36206
36251
36255
36256
36258
36260
36262
36263
36264
36265
36266
36267
36269
36272
36273
36274
36276
36277
36280
36301
36310
36311
36312
36313
36314
36316
36317
36318
36319
36320
36321
36323
36340
36343
36344
36345
36346
36360
36370
36373
36375
36376
36401
36421
36426
36432
36435
36436
36439
36441
36442
36444
36445
36446
36451
36453
36454
36455
36456
36460
36467
36471
36473
36474
36475
36476
36477
36480
36481
36482
36483
36502
36509
36512
36513
36518
36522
36523
36524
36530
36538
36540
36543
36544
36545
36549
36553
36556
36558
36560
36562
36568
36569
36580
36582
36583
36585
36590
36602
36603
36604
36605
36606
36607
36609
36610
36611
36612
36613
36615
36616
36617
36618
36701
36703
36720
36722
36723
36726
36727
36728
36732
36736
36738
36740
36742
36744
36748
36749
36750
36751
36752
36754
36756
36758
36759
36761
36763
36765
36766
36767
36768
36769
36773
36775
36776
36782
36783
36784
36785
36786
36790
36793
36801
36804
36832
36849
36850
36852
36854
36856
36858
36859
36860
36862
36863
36866
36867
36869
36871
36875
36901
36904
36907
36908
36910
36912
36913
36915
36916
36919
36921
36922
36925
37012
37016
37018
37020
37023
37025
37026
37028
37033
37036
37040
37042
37047
37049
37050
37055
37057
37058
37059
37061
37074
37078
37079
37083
37091
37095
37096
37097
37098
37101
37110
37115
37130
37132
37145
37149
37150
37151
37160
37166
37175
37178
37183
37185
37186
37187
37190
37203
37206
37207
37208
37209
37210
37213
37216
37217
37218
37228
37240
37301
37303
37305
37306
37307
37311
37313
37317
37318
37321
37322
37323
37324
37325
37326
37327
37328
37329
37331
37332
37333
37335
37337
37338
37339
37342
37345
37348
37352
37354
37355
37356
37357
37359
37361
37362
37365
37366
37367
37369
37374
37380
37381
37385
37387
37388
37391
37397
37398
37402
37403
37404
37406
37407
37408
37410
37411
37412
03743
03754
37601
37604
37616
37618
37620
37640
37641
37642
37643
03765
37650
37657
37658
37660
37665
37680
37681
37683
37687
37688
37690
37691
37694
37701
37708
37709
37710
37711
37713
37714
37715
37719
37722
37723
37724
37726
37727
37729
37730
37731
37732
37733
37738
03774
37743
37745
37748
37752
37753
37755
37756
37757
37760
37762
37765
37766
37769
37770
37771
37779
03780
37801
37806
37807
37809
37810
37811
37813
37818
37819
37820
37821
37825
37829
37840
37841
37843
37845
37846
37847
37848
03785
37851
37852
37854
37857
37860
37861
37862
37863
37866
37869
37870
37871
37872
37873
37874
37876
37879
37880
37881
37887
37888
37890
37891
37892
37902
37912
37914
37915
37917
37920
37921
38001
38007
38008
38012
38019
38021
38024
38030
38034
38037
38039
38040
38041
38042
38044
38047
38050
38052
38059
38061
38063
38067
38069
38070
38075
38077
38080
38103
38105
38106
38107
38108
38109
38111
38112
38114
38115
38116
38118
38122
38126
38127
38128
03814
38201
38220
38221
38224
38225
38226
38229
38230
38231
38232
38233
38235
38236
38237
38240
38241
38242
38251
38254
38255
38256
38257
38258
38259
38260
38261
38301
38310
38313
38315
38316
38317
38318
38320
38321
38327
38329
38330
38332
38333
38334
38339
38340
38341
38342
38343
38345
38347
38348
38351
38352
38356
38357
38358
38359
38361
38363
38365
38366
38367
38368
38369
38370
38371
38372
38374
38375
38376
38379
38380
38381
38382
38387
38388
38390
38391
38392
38425
38449
38450
38452
38454
38455
38456
38457
38460
38461
38462
38463
38464
38468
38469
38471
38473
38474
38475
38478
38481
38482
38483
38485
38486
38487
38488
38501
38504
38505
38506
38541
38542
38543
38544
38545
38548
38549
38551
38553
38554
38555
38556
38559
38562
38564
38565
38568
38570
38571
38572
38573
38574
38575
38577
38578
38579
38580
38581
38582
38583
38585
38587
38588
38589
38601
38603
38606
38610
38611
38614
38617
38618
38619
38620
38621
38622
38623
38625
38626
38627
38629
38631
38633
38635
38639
03864
38642
38643
38644
38645
38646
38647
38650
38652
38658
38659
38661
38663
38664
38665
38666
38668
38670
38673
38674
38676
38677
38683
38685
38701
38703
38704
38721
38722
38723
38725
38726
38731
38732
38736
38737
38738
38740
38744
38745
38746
38748
38749
38751
38753
38754
38756
38759
38760
38761
38762
38764
38765
38768
38771
38772
38773
38774
38778
38781
38821
38824
38827
38828
38829
38833
38834
38838
38841
38843
38844
38846
38847
38848
38849
38850
38851
38855
38856
38857
38858
38859
38860
38862
38863
38864
38865
38868
38869
38870
38871
38873
38878
38879
03890
38901
38913
38914
38915
38916
38917
38920
38921
38922
38923
38924
38925
38927
38928
38929
38930
38940
38941
38943
38945
38946
38947
38948
38950
38951
38953
38954
38957
38958
38961
38962
38963
38964
38965
38966
38967
39038
39039
39040
39044
39045
39046
39051
39054
39057
39059
39061
39062
39063
39066
39067
39069
39074
39078
39079
39082
39083
39086
39088
39090
39092
39094
39095
39096
39097
39108
39111
39113
39114
39115
39116
39117
39119
39120
39140
39144
39146
39149
39150
39152
39153
39159
39160
39166
39168
39169
39174
39175
39176
39177
39179
39189
39192
39193
39194
39201
39202
39203
39204
39206
39209
39212
39213
39217
39301
39307
39322
39323
39326
39327
39328
39330
39332
39335
39336
39337
39339
39341
39345
39346
39347
39348
39350
39354
39355
39359
39360
39361
39362
39363
39364
39365
39366
39367
39401
39406
39421
39422
39423
39425
39427
39428
39429
39437
39439
39440
39443
39451
39455
39456
39459
39461
39462
39464
39466
39470
39474
39476
39477
39478
39479
39481
39483
39501
39520
39530
39534
39540
39563
39567
39572
39576
39601
39629
39631
39633
39635
39638
39641
39643
39645
39648
39652
39654
39656
39657
39661
39663
39664
39665
39667
39668
39669
39701
39702
39730
39735
39737
39739
39741
39743
39744
39745
39746
39747
39750
39751
39752
39755
39756
39759
39760
39767
39771
39772
39773
39776
39813
39815
39817
39819
39823
39824
39825
39826
39827
39828
39836
39837
39840
39841
39842
39846
39851
39854
39859
39861
39862
39866
39867
39870
39877
39886
39897
40007
40009
40019
40033
40036
40037
40049
40050
40051
40052
40058
40060
40062
40070
40078
04009
40104
40108
40109
40111
40115
40117
40118
40119
40121
40140
40142
40143
40144
40145
40146
40152
40155
40157
40161
40170
40171
40176
40177
40178
04020
40202
40203
40208
40209
40210
40211
40212
40213
40214
40215
40216
40217
40218
40219
40272
40311
40312
40313
40322
40328
40334
40336
40337
40346
40348
40350
40351
40353
40358
40359
40360
40361
40363
04037
40371
40374
40376
40380
40385
40402
40403
40404
40409
04041
40419
40434
40437
40440
40442
40444
40445
40447
40448
40456
40460
40464
40468
04047
40472
40481
40484
40486
40489
40504
40505
40506
40507
40508
40517
04057
40604
04063
04064
04068
40701
04072
04073
40734
40737
40740
40741
40743
40759
40763
40769
40771
40801
40806
40808
40810
40813
40815
40816
40818
40819
40820
40823
40824
40826
40827
40828
40829
04083
40830
40831
40840
40843
40844
40845
40847
40849
40854
40856
40858
40862
40863
40865
40868
40870
40873
40874
40902
40903
40906
40913
40914
40915
40921
40923
40927
40935
40939
40940
40941
40943
40946
40949
40953
40958
40962
40964
40965
40972
40977
40979
40982
40983
40988
40995
40997
41002
41003
41004
04101
41010
41014
41031
41039
41040
41041
41043
41044
41045
41046
41049
41056
41064
41073
41074
41083
41086
41093
41095
41097
41121
41124
41129
41132
41135
41139
41141
41142
41143
41144
41146
41149
41159
41164
41166
41174
41175
41179
41180
41189
41201
41203
41204
41214
41216
41219
41222
41224
41226
41230
41231
41232
41234
41238
41240
41250
41254
41255
41256
41257
41260
41262
41263
41264
41265
41267
41268
41271
41274
41301
41311
41314
41317
41332
41339
41348
41352
41360
41365
41366
41367
41385
41390
41397
41408
41421
41464
41465
41472
41501
41512
41513
41514
41517
41519
41522
41524
41526
41528
41531
41534
41535
41537
41538
41539
41540
41543
41544
41547
41548
41553
41554
41555
41557
41558
41559
41560
41562
41563
41564
41566
41567
41568
41571
41572
41601
41602
41603
41604
41605
41606
41607
41612
41615
41616
41619
41621
41622
41630
41631
41632
41635
41636
41640
41642
41643
41645
41647
41649
41650
41653
41655
41659
41660
41663
41666
41667
41669
41701
41712
41713
41714
41722
41723
41725
41729
41731
41735
41739
41740
41746
41749
41751
41759
41760
41762
41763
41764
41766
41772
41773
41774
41775
41776
41777
41804
41810
41812
41815
41817
41819
41821
41822
41824
41825
41826
41828
41831
41832
41833
41834
41835
41836
41837
41838
41839
41840
41843
41844
41845
41847
41848
41849
41855
41858
41859
41861
41862
42003
42020
42021
42022
42023
42028
42031
42032
42035
42036
42038
42041
42044
42045
42047
42048
42050
42054
42055
42056
42058
42064
42066
42071
42076
42078
42081
42082
42083
42084
42085
42088
42101
42102
42120
42124
42127
42129
42130
42133
42134
42140
42141
42151
42153
42154
42157
42160
42163
42164
42166
42167
04217
42171
04219
42202
42204
42206
42207
04221
42210
42214
42217
42220
42234
04224
42240
42256
42259
42261
42262
42265
04227
42273
42274
42275
42276
04228
42280
42285
42286
42301
04231
42320
42321
42323
42324
42325
42326
42328
42330
42332
42333
42337
42338
42339
04234
42343
42344
42345
42347
42348
42349
42350
42351
42352
42354
42355
42361
42367
42368
42369
04237
42370
42371
42372
42374
04239
04240
42408
42409
42410
42411
42420
42431
42437
42440
42442
42445
42450
42453
42455
42456
42459
42461
42464
42501
42516
42518
42519
04252
42528
42533
42539
04254
42541
42544
04255
42553
42565
42566
42567
04257
42603
42629
42631
42633
42634
42635
42638
42642
42647
42649
42653
04270
04271
42712
42713
42715
42716
42717
42718
42721
42722
42726
42728
42729
42731
42733
42741
42743
42746
42748
42749
04275
42753
42754
42757
42758
04276
42762
42764
42765
42782
04281
04285
04286
04289
04290
04292
04294
43005
43006
43008
43014
43029
43037
43046
43050
43055
43109
43111
43113
43127
43128
43138
43142
43144
43146
43149
43152
43158
43160
43201
43202
43203
43204
43205
43206
43207
43211
43213
43217
43219
43222
43223
43224
43227
43228
43229
43231
43232
04330
43302
43311
43315
43316
43320
43321
43326
43331
43338
43348
43403
43420
43433
43439
43465
43467
43501
43516
43524
43526
43531
04354
43543
43554
43570
43604
43605
43607
43608
43609
43610
43611
43612
43613
43620
43701
43711
43713
43716
43717
43718
43719
43722
43723
43724
43725
43728
43730
43731
43733
43735
43736
43747
43748
43749
43750
43754
43755
43756
43758
43759
43761
43764
43766
43771
43772
43773
43777
43778
43779
43780
43782
43783
43786
43787
43788
43793
43802
43805
43811
43812
43832
43836
43837
43840
43843
43844
43845
43901
43902
43903
43906
43907
43908
43910
43912
43913
43914
43915
43917
43920
43925
43927
43930
43931
43932
43933
43934
43935
43938
43940
43942
43943
43944
43945
43946
43947
43948
43951
43952
43962
43963
43964
43967
43968
43970
43971
43973
43974
43976
43977
43983
43985
43986
44003
44004
44030
44032
44035
44041
44045
44052
44055
04406
44093
04410
44102
44103
44104
44105
44106
44108
44109
04411
44110
44111
44112
44113
44114
44115
44117
44119
44123
44125
44127
44128
04413
44132
44135
44137
04414
44144
44146
04415
04416
04417
04418
04419
44203
04422
44221
04424
44243
44250
04426
04427
44288
04430
44301
44302
44304
44305
44306
44307
44308
44310
44311
44314
44320
04435
04438
44403
44405
04441
44411
44413
04442
44423
44425
44427
44428
04443
44430
44432
44438
44439
44446
44449
44460
44471
04448
44483
44485
04449
44491
44493
44502
44503
44504
44505
44506
44507
44509
04451
44510
44511
04453
04454
04455
04457
04459
04460
44601
44607
44609
04461
44615
04462
44621
44622
44624
44625
44629
04463
44637
04464
44651
44653
44657
44662
44663
44672
44675
04468
44683
44687
44689
04469
44690
44693
44695
44699
44702
44703
44704
44705
44706
44707
04471
44710
44714
44730
04475
04478
04479
44807
04481
44820
44827
44830
44833
44842
04485
44850
44865
04487
44870
04489
44890
04490
44902
44903
44905
44906
44907
04491
04492
04495
04497
45003
45015
45033
45056
45101
45115
45121
45123
45131
45133
45144
45155
45159
45167
45169
45172
45203
45204
45205
45206
45207
45211
45212
45214
45216
45217
45219
45220
45223
45224
45225
45229
45232
45237
45311
45321
45324
45331
45341
45356
45382
45384
45390
45402
45403
45404
45405
45406
45409
45410
45416
45417
45418
45420
45426
45428
45449
45503
45505
45506
45601
45612
45613
45616
45618
45619
45621
45622
45623
45624
45629
45631
45634
45636
45638
45640
45642
45645
45646
45647
45648
45650
45651
45653
45654
45656
45657
45658
45659
45660
45661
45662
45663
45669
45671
45672
45673
45674
45679
45680
45682
45684
45685
45686
45688
45690
45692
45693
45694
45695
45697
45698
45701
45710
45711
45714
45715
45716
45719
45721
45723
45727
45734
45735
45741
45743
45744
45745
45746
45760
45761
45764
45767
45768
45769
45770
45771
45772
45773
45775
45776
45778
45779
45780
45786
45787
45789
45801
45804
45810
45813
45838
45849
45861
45872
45873
45874
45879
45891
45894
45898
45899
46001
46012
46013
46016
46036
46041
04606
46064
46107
04611
04612
46173
04619
46201
46203
46205
46218
46219
04622
46221
46222
46224
46225
46226
46227
04623
46235
46241
04625
04626
04627
04628
04630
04631
46312
46320
46323
46324
46327
04634
04635
46360
46366
04637
46374
46402
46403
46404
46405
46406
46407
46408
46409
04643
04646
04648
04649
04650
46501
46516
04652
04653
46531
46532
46534
46539
04654
46544
46545
04655
04657
46570
04658
46601
46613
46615
46616
46619
46628
04664
04666
04667
04668
04671
46711
46721
46730
04674
46746
46750
46755
46767
04677
46771
46772
04679
46793
04680
46802
46803
46805
46806
46807
46808
46809
04681
46816
04683
04685
04686
46901
04691
46910
46914
46922
46926
46928
46930
46933
46938
46939
04694
46947
46953
46958
46959
46962
46968
46970
46975
46984
46992
46996
47003
47011
47024
47034
47037
47042
47043
47102
47108
47116
47118
47120
47123
47125
47129
47138
47140
47145
47165
47167
47170
47175
47223
47227
47229
47230
47243
47264
47265
47270
47273
47280
47282
04730
47302
47303
47305
04732
47325
47327
04733
47331
47335
47336
47337
04734
47340
47348
04735
47352
47353
47355
47359
04736
47362
47369
47371
47373
47374
47380
47382
47385
47387
04739
47390
47394
04740
47403
47404
47405
47406
47408
04741
04742
47421
04743
47431
47432
47436
47437
47438
47441
47446
04745
47452
47453
47454
04746
47460
47465
47469
04747
47470
47471
04750
47512
47513
47520
47521
47522
47528
47529
47535
47537
04756
47564
47567
47578
04758
47580
47584
47585
47586
47590
47591
47596
47598
04760
04761
47611
04762
04763
47637
47638
04764
04765
47654
04766
47660
47670
04768
47683
04769
47708
47710
47713
47714
04772
04773
04774
04776
04777
04779
04780
47804
47807
47809
04781
04783
47834
47838
47842
47848
04785
47853
47855
47857
04786
47860
47862
47865
04787
47872
47879
47885
47901
47904
47906
47918
47921
47922
47925
47932
47942
47948
47949
47950
47952
47954
47957
47958
47968
47969
47987
48015
48021
48030
48043
48060
48066
48089
48091
48109
48120
48122
48126
48141
48146
48160
48176
48180
48184
48185
48198
48201
48202
48203
48204
48205
48206
48207
48208
48209
48210
48211
48212
48213
48214
48215
48216
48217
48218
48219
48221
48223
48224
48226
48227
48228
48229
48234
48235
48238
48340
48341
48342
48397
48401
04841
48416
48419
48426
48427
48429
48432
48434
48437
48441
48445
48449
48450
48453
48454
48456
48458
48460
48464
48465
48466
48467
48469
48470
48471
48472
48475
48476
48502
48503
48504
48505
48506
48507
48529
04855
04859
04860
48601
48602
48604
48607
48610
48612
48613
48614
48617
48618
48619
48621
48622
48624
48625
48627
48629
48630
48632
48633
48635
48636
48647
48649
48651
48652
48653
48654
48656
48658
48659
48661
48701
48703
48705
48708
48720
48721
48723
48724
48726
48728
48733
48735
48737
48738
48739
48740
48741
48742
48743
48744
48745
48748
48749
48750
48754
48755
48756
48759
48760
48762
48763
48765
48767
48768
48770
48801
48806
48807
48809
48811
48817
48818
48823
48829
48834
48838
48845
48846
48849
48850
48852
48858
48860
48865
48867
48870
48880
48884
48885
48886
48888
48889
48906
48910
48911
48912
48915
48933
49001
49006
49007
49008
04901
49010
49013
49014
49022
49026
49027
49028
49030
49036
49037
49040
49042
49043
49045
49047
49048
49056
49057
49064
49066
49072
49073
49074
49075
49082
49089
49091
49092
49093
49094
49098
49104
04911
04912
49120
49126
04915
04920
49201
49202
49203
04921
04922
49221
49224
49227
04923
49232
04924
49242
49245
49247
04925
49250
49252
49254
49255
49256
49266
04927
49271
49274
04928
49288
04929
04930
49304
49305
49307
49329
04933
49332
49336
49338
49340
49346
49349
04936
04938
04939
04940
49401
49402
49405
04941
49410
49411
04942
49420
49421
49423
04943
49431
49436
49437
49440
49442
49444
49450
49452
49454
49455
49458
49459
04949
49503
49504
49505
49507
49509
04951
04952
04953
49544
49548
04955
04956
04958
49601
04961
49611
49613
49614
49617
49618
49620
49623
49628
49631
49632
49633
49638
49639
49642
49643
49645
49646
49648
04965
49651
49655
49656
49657
49659
04966
49660
49667
49668
04967
49676
49677
49679
49680
49688
49689
49701
49705
49707
49709
04971
49710
49715
49718
49721
49724
49725
49726
49728
04973
49736
49738
04974
49743
49744
49745
49746
49747
49748
49751
49752
49755
49756
49759
04976
49760
49762
49765
49766
49768
49769
49774
49775
49776
49779
04978
49780
49781
49783
49788
04979
49793
49795
49799
49802
49805
49806
49807
04981
49812
49814
49816
49817
04982
49820
49821
49822
49825
49826
49827
49829
04983
49835
49836
49838
04984
49848
49849
04985
49854
49858
04986
49861
49862
49864
49868
04987
49870
49872
49874
49876
49878
49879
04988
49880
49886
49887
49894
49895
49896
49901
49902
49903
49905
49908
49910
49911
49912
49913
49915
49918
49919
04992
49920
49925
49927
49929
49930
49931
49934
49935
49938
49942
49945
49946
49947
49948
49950
49953
49955
49958
49959
49960
49962
49963
49965
49967
49968
49969
49970
49971
50008
50020
50022
50042
50049
50050
50052
50058
50060
50064
50067
50074
50104
50107
50108
50123
50126
50131
50136
50140
50144
50147
50150
50165
50174
50208
50220
50235
50238
50246
50255
50268
50272
50274
50311
50314
50315
50316
50317
50421
50423
50430
50432
50435
50436
50440
50441
50447
50453
50454
50455
50459
50460
50461
50465
50470
50473
50476
50478
50484
50501
50510
50515
50517
50520
50523
50527
50533
50539
50541
50543
50544
50546
50551
50554
50561
50562
50565
50566
50573
50574
50575
50576
50579
50581
50582
50583
50585
50588
50605
50606
50611
50616
50620
50625
50630
50658
50659
50662
05068
50702
50703
50707
50801
50830
50833
50835
50836
50840
50841
50843
50845
50846
50849
50851
50853
50857
50862
50863
50864
51006
51010
51012
51027
51033
51034
51040
51049
51051
51101
51103
51105
51109
51111
51237
51243
51247
51342
51431
51440
51442
51445
51447
51449
51462
05150
51501
51537
51552
51566
51573
51601
51632
52001
52035
52042
52044
52048
52052
52057
52060
52066
52076
52077
52135
52136
52141
52142
52146
52151
52155
52156
52159
52163
52169
52170
52172
52175
52208
52323
52335
52339
52342
52355
52362
52401
52501
52531
52535
52544
52549
52550
52551
52555
52560
52563
52565
52569
52570
52571
52572
52574
52576
52577
52581
52583
52584
52585
52588
52590
52591
52593
52594
52595
52601
52620
52632
52639
52651
52732
52752
52801
52802
52803
52804
53081
53110
53140
53204
53205
53206
53208
53209
53210
53212
53214
53215
53216
53218
53223
53225
53227
53233
53295
53403
53404
53506
53511
53518
53543
53569
53573
53581
53586
53703
53715
53801
53803
53804
53805
53813
53816
53817
53818
53821
53826
53827
53910
53924
53934
53936
53948
53949
53952
53964
54005
54102
54103
54104
54112
54114
54119
54120
54121
54124
54125
54128
54135
54138
54143
54149
54150
54151
54153
54156
54161
54174
54175
54177
54201
54301
54302
54303
54405
54409
54416
54421
54422
54425
54428
54433
54436
54437
54447
54450
54451
54456
54459
54460
54462
54465
54469
05447
54480
54481
54485
54486
54490
54493
54495
54498
54499
54511
54514
54515
54517
54520
54525
54526
54527
54530
54534
54536
54537
54541
54542
54546
54547
54550
54552
54555
54556
54559
54562
54563
54565
54566
54603
54611
54612
54613
54615
54616
54626
54628
54631
54634
54639
54645
54651
54654
54655
54664
54665
05471
54725
54728
54731
54734
54741
54746
54747
54751
54754
54755
54757
05476
54760
54762
54766
54772
54773
54801
54806
54812
54813
54814
54817
54819
54821
54827
54828
54829
54830
54832
54835
54837
54840
54843
54844
54845
54846
54847
54848
54850
54855
54859
54861
54862
54865
54867
54868
54870
54872
54875
54876
54880
54888
54893
54895
54896
54901
54923
54929
54930
54933
54943
54948
54960
54962
54966
54970
54982
54984
55003
55007
55037
55051
55072
55103
55106
55114
55117
55130
55404
55411
55412
55414
55450
55454
55455
55702
55704
55705
55706
55708
55709
55711
55712
55716
55719
55722
55726
55731
55734
55735
55736
55741
55746
55748
55750
55752
55753
55756
55757
55760
55764
55765
55768
55769
55775
55780
55783
55785
55786
55787
55792
55795
55798
55802
55805
55806
55807
55808
55987
56007
56013
56014
56019
56033
56051
56081
56083
56097
56114
56118
56125
56128
56138
56145
56146
56152
56158
56166
56172
56173
56174
56175
56178
56183
56187
56208
56215
56222
56230
56236
56248
56252
56265
56271
56274
56277
56278
56304
56311
56325
56339
56342
56345
56347
56349
56350
56359
56361
56386
56387
56401
56431
56434
56435
56437
56438
56440
56441
56446
56447
56448
56450
56452
56453
56464
56469
56474
56477
56479
56481
56482
56516
56518
56520
56524
56527
56535
56541
56542
56545
56548
56550
56551
56556
56557
05656
56566
56567
56569
56571
56573
56574
56575
56576
56577
56581
56584
56588
56589
56591
56592
56621
56623
56626
56627
56628
56629
56630
56633
56634
56636
56637
56639
56641
56644
56646
56649
56650
56651
56652
56654
56655
56658
56659
56660
56661
56662
56666
56667
56670
56671
56672
56676
56680
56681
56684
56685
56688
56701
56716
56726
56727
56729
56732
56734
56735
56750
56759
56761
57006
57021
57029
57036
57042
57045
57062
57063
57066
57069
57070
57104
57216
57219
57224
57226
57231
57239
57251
57252
57255
57260
57261
57262
57273
57274
57313
57314
57315
57317
57325
57329
57330
57335
57339
57341
57342
57350
57353
57355
57356
57359
57361
57362
57365
57367
57370
57373
57380
57385
57401
57422
57437
57442
57448
57450
57452
57455
57456
57457
57468
57475
57521
57523
57529
57533
57538
57543
57544
57547
57548
57551
57555
57560
57563
57566
57568
57569
57570
57571
57572
57576
57577
57579
57580
57585
57621
57622
57623
57625
57626
57631
57632
57633
57634
57639
57644
57646
57650
57651
57657
57658
05767
57701
57706
57716
57717
57720
57722
57730
57735
57747
57748
57750
57752
57754
57755
57756
57758
57759
57760
57762
57763
57764
57766
57767
57770
57772
57776
57782
57785
57787
57788
57791
57792
57794
58027
58045
58054
58058
58068
05819
05820
58202
58203
58212
05822
58222
58224
58237
05824
58241
58249
05825
58254
58259
05826
58262
05827
58272
58282
05830
58301
58316
58317
58318
05832
58324
58329
05833
58331
58332
58335
58339
58341
58343
58344
58346
58348
58351
58353
58356
58357
05836
58361
58363
58365
58366
58367
58368
58369
05837
58370
58374
58379
58380
58381
58384
58385
58386
58405
58413
58416
58418
05842
58422
58423
58425
58428
05843
58430
58436
58438
58440
58442
58444
58448
05845
58451
58452
05846
58460
58463
05847
58474
58475
58478
58482
58483
58484
58486
58487
58488
58495
05851
58524
58528
05853
58538
58542
58544
58549
05855
58552
58561
58562
58568
05857
58573
05858
58581
05859
05860
58621
58632
58639
58646
58652
58654
58655
05866
05867
05868
05871
58710
58712
58713
05872
58723
58736
05874
58741
58744
05875
58757
58758
58763
58788
58789
58790
58792
59003
59006
59010
59011
59012
59014
59016
59022
59024
59025
59029
59031
59032
59033
59034
59035
59036
59039
05904
59043
59046
59047
05905
59050
59053
59054
59055
59058
59059
05906
59062
59064
59066
59072
59074
59075
59077
59078
59085
59088
59089
59101
59201
59213
59222
59230
59253
59255
59263
59276
59301
59311
59312
59314
59317
59318
59322
59324
59326
59327
59332
59337
59343
59347
59349
59351
59401
59405
59410
59414
59416
59417
59419
59422
59425
59432
59433
59444
59446
59447
59448
59450
59452
59453
59456
59457
59460
59461
59462
59467
59468
59469
59474
59479
59486
59520
59521
59522
59523
59524
59526
59527
59529
59531
59535
59542
59545
59547
59639
59642
59644
59645
59701
59710
59711
59713
59721
59722
59724
59725
59728
59731
59733
59736
59739
59749
59752
59755
59759
59760
59761
59762
59801
59821
59824
59827
59830
59831
59832
59837
59840
59842
59843
59844
59845
59848
59853
59854
59855
59856
59858
59859
59860
59863
59864
59865
59866
59867
59871
59872
59873
59874
59875
59910
59913
59914
59915
59916
59917
59918
59919
59923
59926
59927
59928
59930
59933
59934
59935
59936
60064
60085
60115
60160
60406
60409
60426
60432
60433
60436
60456
60469
60472
60505
06051
06053
60548
60552
60608
60609
60612
60617
60619
60620
60621
60623
60624
60626
60628
60629
60632
60636
60637
60639
60644
60649
06065
60651
60653
06071
60804
60827
60901
60932
60942
60958
60970
61032
06105
06106
61071
61074
61101
61102
61103
61104
06112
06114
06120
61243
61282
61315
61316
61322
61323
61331
61337
61359
61364
61401
61410
61411
61414
61415
61416
61420
61422
61427
61431
61433
61434
61438
61440
61441
61443
61447
61450
61452
61453
61454
61455
61459
61460
61462
61469
61470
61471
61477
61480
61482
61484
61485
61489
61501
61519
61520
61524
61531
61537
61542
61543
61544
61563
61572
61602
61603
61604
61605
61610
61801
61813
61820
61832
61833
61846
61866
61870
61883
61917
61920
61924
61929
61930
61932
61938
61940
61941
61942
61943
61944
61949
62002
62009
62017
62018
62023
62024
62030
62032
62040
62048
62051
62053
62056
62059
62060
62065
62069
62070
62075
62076
62082
62083
62084
62085
62088
62089
62090
62092
62094
62201
62203
62204
62205
62206
62207
62217
62237
62238
62250
06226
62272
62274
62280
62286
62288
62292
62301
62311
62312
62313
62314
62316
62319
62321
62323
62326
62330
62334
62336
62339
62340
62343
62344
62345
62346
62354
62356
62357
62358
62362
62363
62366
62367
62370
62374
62375
62378
62380
62417
62419
62420
62422
62428
62431
62438
62439
62446
62448
62449
62450
62451
62452
62454
62458
62460
62466
62471
62476
62478
62510
62522
62523
62526
62534
62553
62555
62557
62565
62618
62624
06263
62631
62639
62664
62667
62674
62681
62690
62701
62702
62703
62801
62806
62809
62810
62812
62814
62815
62819
62820
62821
62822
62824
62825
62827
62828
62832
62833
62835
62836
62837
62839
62841
62843
62844
62846
62854
62856
62858
62859
62860
62862
62864
62865
62872
62874
62879
62881
62882
62883
62884
62886
62887
62888
62890
62891
62895
62896
62897
62899
62901
62902
62903
62905
62906
62907
62908
62910
62914
62915
62917
62919
62921
62922
62923
62924
62926
62927
62928
62930
62931
62932
62934
62935
62938
62939
62940
62941
62942
62943
62946
62947
62948
62949
62950
62951
62952
62954
62956
62957
62960
62961
62962
62963
62964
62966
62969
62970
62974
62975
62976
62982
62983
62984
62985
62988
62990
62992
62994
62995
62996
62997
62998
62999
63020
63030
63036
63042
63045
63061
63071
63074
63077
63079
63080
63087
63091
63102
63103
63106
63107
63108
63110
63111
63112
63113
63114
63115
63116
63118
63120
63121
63125
63133
63134
63135
63136
63137
63138
63140
63143
63147
06320
63333
63334
63343
63350
63351
63353
63359
63361
63363
63382
63384
63401
63430
63431
63432
63434
63437
63438
63439
63440
63443
63445
63446
63447
63448
63450
63451
63452
63453
63456
63457
63458
63460
63461
63462
63464
63465
63468
63469
63472
63473
63474
63501
63530
63531
63532
63533
63534
63535
63536
63537
63538
63539
63540
63541
63543
63544
63545
63546
63547
63548
63549
63551
63552
63555
63556
63557
63558
63559
63560
63561
63563
63565
63566
63567
63601
63620
63621
63622
63623
63624
63625
63626
63628
63629
63630
63631
63633
63636
63638
63640
63645
63648
63650
63653
63654
63655
63656
63660
63663
63664
63665
63666
63674
63675
63703
63730
63735
63738
63739
63740
63744
63748
63750
63751
63758
63760
63763
63764
63767
63771
63774
63780
63782
63783
63785
63787
63801
63820
63821
63822
63823
63825
63827
63828
63829
63830
63833
63834
63837
63839
63845
63846
63847
63848
63849
63851
63852
63855
63857
63860
63862
63863
63866
63867
63868
63869
63870
63873
63874
63876
63877
63878
63879
63880
63882
63901
63932
63933
63934
63935
63936
63937
63939
63940
63941
63942
63943
63944
63945
63951
63952
63953
63954
63955
63956
63957
63960
63961
63964
63965
63966
63967
64001
64021
64022
64030
64037
64050
64052
64053
64054
64093
64096
64105
64106
64108
64109
64111
64117
64120
64123
64124
64125
64126
64127
64128
64129
64130
64132
64134
64150
06418
64192
64402
64420
64421
64424
64426
64428
64429
64431
64437
64438
64440
64441
64442
64445
64449
64451
64453
64456
64461
64463
64466
64468
64469
64470
64473
64475
64481
64486
64489
64497
64499
64501
64503
64504
64507
64601
64620
64624
64625
64628
64630
64631
64632
64636
64637
64640
64641
64642
64644
64645
64646
64647
64648
64649
64650
64652
64653
64654
64655
64657
64658
64659
64660
64661
64667
64670
64672
64673
64674
64676
64679
64681
64683
64689
64720
64726
64728
64730
64735
64738
64740
64744
64748
64750
64752
64756
64759
64762
64765
64767
64769
64770
64771
64772
64776
64778
64779
64780
64781
64783
64784
64788
64790
64801
64831
64836
64840
64841
64842
64843
64844
64847
64848
64850
64854
64856
64861
64863
64865
64866
64867
64870
64873
64874
65013
65014
65017
65018
65020
65026
65037
65047
65051
65061
65062
65064
65066
65069
65072
65075
65078
65079
65081
65082
65083
65084
06510
06513
06519
65201
65215
65231
65233
65236
65237
65239
65244
65246
65247
65248
65250
65258
65259
65260
65261
65262
65263
65265
65270
65274
65275
65276
65278
65281
65282
65283
65286
65301
65305
65320
65321
65322
65324
65326
65330
65333
65334
65335
65336
65338
65340
65345
65347
65348
65349
65350
65351
65355
65360
65401
65436
65438
65439
65440
65441
65444
65446
65449
65452
65453
65456
65459
65461
65462
65463
65464
65466
65468
65473
65479
65483
65484
65486
65501
65529
65535
65536
65541
65542
65548
65552
65555
65556
65557
65559
65560
65564
65565
65566
65567
65570
65571
65580
65582
65586
65588
65589
65590
65601
65603
65604
65605
65606
65608
65609
65610
65611
65613
65614
65617
65618
65622
65623
65624
65625
65626
65627
65632
65633
65634
65635
65637
65638
65640
65641
65644
65646
65647
65649
65650
65652
65653
65654
65655
65656
65658
65660
65661
65663
65664
65667
65668
65674
65676
65679
65680
65681
65682
65685
65686
65689
65690
65692
65702
65704
65705
65706
65707
65708
65710
65711
65712
65715
65717
65720
65722
65723
65724
65725
65727
65728
65729
65730
65732
65733
65734
65735
65739
65740
65744
65745
65746
65747
65752
65755
65756
65759
65760
65761
65762
65764
65766
65767
65768
65769
65770
65771
65772
65773
65774
65775
65777
65778
65779
65783
65784
65785
65786
65787
65788
65789
65790
65791
65793
65802
65803
65806
65807
66010
66024
66032
66033
06604
66044
66045
66046
06605
66056
66064
66067
06607
66075
06608
66090
66094
06610
66101
66102
66103
66104
66105
66106
66111
66112
66403
66406
66411
66412
66414
66423
66424
66425
66427
66434
66438
66439
66442
66502
66506
66508
66515
66518
66523
66527
66532
66534
66544
66548
66603
66605
66606
66607
66608
66612
66616
66701
66710
66711
66712
66713
66714
66716
66717
66720
66724
66725
66733
66734
66735
66736
66738
66739
66740
66741
66746
66748
66749
66751
66753
66754
66756
66757
66758
66761
66762
66767
66769
66771
66773
66775
66776
66777
66778
66779
66780
66781
66782
66783
66801
66843
66845
66846
66850
66851
66853
66858
66859
66861
66862
66863
66866
66869
66870
66901
66930
66932
66933
66935
66936
66937
66938
66940
66941
66942
66943
66944
66945
66946
66948
66951
66952
66953
66955
66956
66958
66959
66960
66962
66967
66968
66970
67003
67005
06702
67022
67024
67029
67036
06704
67045
67047
67049
67053
67054
67057
67058
67059
06706
67061
67068
67070
67071
06710
67104
67109
67117
67122
67124
67127
67137
67138
67143
67152
67155
67156
67202
67203
67208
67210
67211
67213
67214
67216
67217
67218
67219
67333
67334
67335
67336
67337
67345
67346
67349
67352
67353
67355
67356
67357
67360
67361
67417
67418
67420
67423
67427
67430
67437
67438
67444
67445
67446
67449
67450
67452
67454
67455
67457
67459
67466
67473
67474
67475
67478
67481
67483
67485
67501
67505
67510
67511
67512
67514
67520
67524
67544
67547
67548
67550
67554
67561
67564
67565
67568
67573
67576
67579
67581
67583
67621
67622
67623
67626
67628
67629
67631
67632
67634
67635
67638
67639
67640
67643
67644
67645
67646
67647
67648
67649
67651
67653
67654
67656
67657
67658
67661
67663
67664
67665
67672
67673
67730
67731
67735
67736
67737
67738
67739
67740
67744
67745
67747
67748
67749
67756
67761
67764
67801
67836
67843
67849
67854
67857
67861
67878
67901
68004
68020
68031
68038
68039
68047
68055
68057
68062
68063
68067
68071
68072
68102
68104
68105
68107
68108
68110
68111
68112
68117
68131
68303
68305
68309
68310
68315
68318
68322
68323
68326
68327
68332
68335
68337
68340
68345
68348
68351
68352
68354
68355
68361
68362
68365
68370
68375
68376
68380
68381
68406
68416
68420
68431
68433
68436
68437
68441
68442
68443
68444
68447
68450
68452
68457
68466
68503
68504
68508
68524
68622
68623
68627
68632
68633
68636
68637
68638
68640
68652
68655
68660
68664
68665
68710
68711
68714
68716
68718
68720
68722
68723
68724
68725
68726
68728
68729
68730
68732
68735
68736
68739
68740
68742
68746
68751
68753
68755
68756
68757
68759
68760
68761
68763
68764
68765
68769
68770
68773
68774
68776
68777
68778
68783
68784
68785
68786
68787
68789
68790
68792
68801
68813
68815
68817
68820
68821
68822
68823
68825
68826
68828
68831
68833
68834
68835
68837
68838
68842
68844
68849
68850
68852
68853
68859
68860
68862
68863
68871
68873
68875
68878
68879
68882
68922
68926
68928
68929
68930
68932
68933
68934
68935
68936
68938
68939
68941
68942
68943
68946
68947
68948
68952
68957
68960
68961
68964
68967
68970
68972
68974
68981
69001
69021
69022
69023
69024
69025
69027
69028
69029
69030
69032
69033
69037
69038
69039
69040
69041
69042
69043
69044
69045
69046
69120
69121
69122
69125
69128
69129
69133
69134
69135
69140
69145
69147
69148
69150
69152
69154
69157
69163
69168
69210
69211
69214
69217
69218
69219
69220
69221
69301
69331
69333
69334
69335
69336
69337
69339
69340
69341
69343
69345
69347
69350
69351
69352
69356
69358
69360
69361
69365
69366
69367
70032
70038
70039
70041
70049
70050
70053
70062
70083
70084
70085
70086
70091
70092
70094
70112
70113
70114
70117
70119
70126
70127
70128
70129
07017
07018
70340
70346
70352
70353
70354
70356
70363
70372
70380
70403
70420
70422
70426
70427
70436
70438
70441
70443
70444
70450
70451
70452
70453
70456
70462
70465
70466
07050
70501
70507
70510
70512
70514
70519
70523
70525
70526
70531
70532
70534
70535
70537
70538
70541
70543
70544
70546
70549
07055
70550
70554
70556
70559
70560
70570
70577
70578
70580
70581
70586
70589
70591
70601
70607
70615
70633
70648
70653
70655
70656
70659
70661
70668
70715
70722
70723
70740
70743
70744
70747
70753
70757
70759
70760
70761
70767
70782
70783
70787
70789
70801
70802
70803
70805
70807
70811
70812
70820
07087
71001
71003
71008
71016
71018
71019
07102
71021
71023
71024
71029
07103
71031
71038
71039
07104
71040
71043
71044
71045
71048
07105
71052
71055
71060
71061
71064
71065
71068
71069
07107
71070
71071
71073
71075
71079
07108
71082
71101
71103
71104
71107
71108
71109
07111
71110
71118
07112
07114
71202
71209
71220
71222
71223
71226
71229
71232
71233
71237
71241
71245
71247
71250
71251
71253
71254
71256
71259
71261
71263
71266
71268
71269
71270
71272
71275
71277
71282
71295
71302
71316
71322
71326
71327
71333
71334
71336
71339
71341
71343
71345
71350
71351
71353
71354
71355
71356
71357
71358
71362
71366
71369
71373
71375
71377
71378
71404
71405
71406
71407
71410
71411
71414
71416
71417
71419
71422
71426
71427
71429
71430
71432
71433
71435
71438
71439
71441
71446
71447
71449
71452
71454
71455
71456
71457
71459
71461
71462
71463
71466
71468
71472
71473
71479
71483
71486
71601
71603
71630
71631
71635
71638
71639
71640
71642
71643
71644
71646
71647
71651
71652
71653
71654
71655
71658
71659
71660
71661
71662
71663
71665
71666
71667
71670
71671
71674
71675
71676
71677
71701
71711
71720
71722
71725
71726
71730
71742
71743
71744
71745
71747
71751
71752
71753
71763
71764
71765
71766
71770
71772
71801
71820
71822
71823
71825
71827
71832
71834
71835
71836
71837
71838
71841
71842
71845
71846
71847
71851
71852
71853
71854
71855
71857
71858
71859
71860
71862
71865
71866
71901
71913
71921
71922
71923
71929
71933
71935
71937
71940
71941
71943
71944
71945
71949
71950
71952
71953
71956
71957
71958
71959
71960
71961
71962
71965
71968
71969
71970
71972
71973
72001
72003
72004
72005
72006
72010
72013
72014
72016
72017
07202
72020
72021
72024
72025
72027
72029
72030
72031
72036
72037
72039
72040
72041
72042
72046
72051
72055
72059
07206
72060
72063
72064
72067
72068
72069
72070
72072
72073
72074
72076
72080
72081
72082
72084
72085
72088
72099
72101
72102
72103
72104
72107
72108
72110
72112
72114
72117
72118
72121
72123
72126
72127
72128
72129
72130
72131
72134
72139
72141
72152
72153
72156
72157
72160
72165
72166
72167
72169
72170
72175
72176
72179
72201
72204
72206
72209
72301
72311
72315
72320
72322
72324
72326
72327
72328
72329
72330
72331
72332
72333
72335
72340
72341
72342
72346
72347
72348
72350
72351
72353
72354
72355
72358
72359
72360
72365
72366
72367
72368
72370
72372
72373
72374
72376
72377
72379
72383
72386
72389
72390
72392
72394
72395
72396
72401
72410
72411
72412
72413
72414
72415
72416
72419
72421
72422
72424
72425
72427
72428
72429
72431
72432
72433
72434
72435
72436
72437
72438
72440
72441
72442
72443
72444
72445
72447
72449
72450
72453
72454
72455
72456
72457
72458
72459
72460
72461
72462
72466
72467
72469
72470
72471
72472
72473
72476
72478
72479
72482
72501
72512
72513
72515
72517
72519
72520
72521
72522
72523
72524
72526
72527
72528
72529
72530
72531
72532
72533
72534
72536
72537
72538
72539
72540
72542
72543
72544
72546
72550
72553
72554
72555
72556
72560
72561
72562
72564
72565
72566
72567
72568
72569
72571
72572
72573
72576
72577
72578
72579
72581
72583
72584
72585
72587
72601
72611
72616
72617
72619
72623
72624
72626
72628
72629
72630
72632
72633
72634
72635
72636
72638
72639
72640
72641
72642
72644
72645
72648
72650
72651
72653
72655
72658
72661
72663
72666
72668
72669
72670
72672
72675
72677
72679
72680
72682
72683
72685
72686
72687
72701
72717
72729
72730
72740
72742
72744
72747
72749
72752
72753
72760
72761
72768
72769
72774
72776
72801
72821
72823
72824
72827
72828
72830
72832
72833
72834
72835
72837
72838
72839
72840
72841
72842
72843
72845
72846
72847
72851
72852
72853
72854
72855
72856
72857
72858
72860
72863
72865
72901
72904
72921
72926
72927
72928
72930
72932
72933
72934
72935
72938
72943
72945
72946
72947
72948
72949
72950
72951
72952
72955
72956
72958
72959
73002
73005
73006
73008
73009
73011
73015
73017
73018
73029
73030
73032
73033
73038
73040
73041
73042
73048
73051
73053
73057
73062
73067
73068
73069
73071
73074
73075
73077
73082
73084
73086
73098
73102
73104
73105
73106
73107
73108
73109
73110
73111
73112
73114
73115
73117
73119
73122
73127
73129
73139
73141
73145
73149
73159
73401
73425
73430
73432
73433
73434
73437
73438
73439
73441
73442
73444
73446
73447
73448
73449
73450
73455
73456
73458
73460
73461
73463
73481
73487
73491
73501
73503
73507
73520
73521
73529
73530
73531
73537
73542
73544
73546
73547
73548
73550
73551
73552
73553
73554
73555
73556
73559
73562
73564
73565
73566
73568
73569
73570
73571
73573
73601
73622
73624
73626
73627
73641
73645
73647
73651
73655
73661
73662
73664
73673
73701
73733
73736
73759
73766
73771
73835
73848
73851
73855
73859
73901
73933
73937
73945
73946
73947
73951
74001
74002
74003
74010
74016
74020
74022
74023
74028
74029
74034
74035
74038
74039
74042
74045
74046
74048
74050
74052
74054
74056
74058
74062
74071
74072
74074
74075
74078
74081
74083
74084
74085
74103
74104
74106
74107
74108
74110
74112
74115
74116
74119
74120
74126
74127
74128
74129
74130
74146
74301
74332
74333
74337
74338
74339
74340
74342
74343
74344
74346
74349
74350
74352
74354
74358
74360
74363
74365
74366
74367
74369
74370
74401
74403
74422
74425
74426
74427
74428
74430
74431
74432
74435
74436
74437
74438
74441
74442
74447
74450
74451
74452
74455
74457
74459
74460
74462
74464
74467
74468
74469
74470
74471
74472
74501
74521
74522
74523
74525
74528
74530
74533
74534
74535
74536
74538
74540
74543
74546
74547
74549
74552
74553
74554
74555
74556
74557
74558
74560
74561
74562
74563
74567
74569
74570
74571
74572
74574
74576
74577
74578
74601
74631
74632
74633
74636
74637
74641
74643
74646
74647
74650
74652
74653
74701
74720
74722
74724
74726
74727
74728
74729
74730
74731
74733
74734
74735
74736
74740
74741
74743
74745
74747
74748
74750
74753
74754
74755
74756
74759
74760
74761
74764
74766
74801
74820
74824
74825
74826
74829
74830
74831
74832
74833
74834
74836
74837
74839
74840
74842
74843
74844
74845
74848
74849
74852
74854
74856
74859
74860
74864
74865
74867
74868
74869
74871
74872
74873
74875
74878
74880
74881
74883
74884
74901
74902
74930
74931
74932
74935
74936
74937
74939
74940
74941
74942
74945
74946
74948
74949
74951
74953
74954
74955
74956
74957
74959
74960
74962
74963
74964
74965
74966
07501
75020
75021
07503
75041
75042
07505
75050
75051
75061
75090
75110
75117
07513
07514
75140
75141
75144
75148
75156
75159
75172
75180
75203
75207
75210
75211
75212
75215
75216
75217
07522
75223
75224
75227
75228
75231
75232
75233
75235
75236
75237
07524
75241
75246
75247
75253
75401
75412
75416
75417
75418
75426
75428
75431
75432
75435
75436
75440
75446
75447
75455
75460
75468
75471
75472
75476
75478
75488
75492
75496
75501
75550
75551
75554
75559
75560
75561
75562
75563
75566
75568
75570
75571
75572
75602
75630
75638
75639
75644
75656
75657
75667
75668
75670
75682
75684
75686
75702
75704
75706
75708
75751
75752
75754
75760
75764
75766
75778
75780
75784
75785
75790
75831
75835
75839
75845
75847
75848
75852
75855
75856
75858
75860
75862
75925
75928
75929
75930
75931
75932
75933
75934
75935
75936
75937
75938
75939
75941
75944
75946
75948
75949
75951
75954
75956
75959
75960
75961
75962
75964
75965
75966
75968
75969
75972
75974
75976
75977
75978
75979
75980
76010
76011
76014
76031
76043
76067
76086
76103
76104
76105
76106
76110
76111
76112
76114
76115
76117
76119
76155
76164
76201
76255
76261
76301
76306
76311
76351
76360
76363
76371
76374
76379
76380
76384
76389
76401
76402
76424
76435
76436
76437
76442
76443
76444
76445
76446
76448
76452
76454
76455
76457
76460
76463
76466
76469
76470
76471
76474
76483
76491
76504
76518
76519
76520
76524
76528
76530
76541
76543
76544
76556
76567
76570
76573
76574
76599
76629
76632
76635
76636
76645
76653
76656
76661
76664
76665
76667
76673
76678
76680
76682
76685
76693
76701
76704
76705
76706
76707
76708
76711
76801
76821
76824
76825
76828
76832
76834
76844
76845
76853
76857
76864
76865
76870
76871
76873
76877
76878
76882
76884
76885
76888
76903
76905
76908
76933
76945
76949
76951
76953
77004
77011
77012
77013
77015
77016
77017
77020
77021
77022
77023
77026
77028
77029
77030
77032
77033
77034
77036
77037
77038
77039
77045
77048
77050
77051
77053
77054
77060
77061
77067
77072
77074
77076
77078
77080
77081
77086
77087
77088
77090
77091
77092
77093
77099
77301
77320
77326
77327
77335
77340
77342
77350
77351
77360
77368
77369
77371
77412
77420
77428
77432
77434
77442
77445
77446
77453
77460
77465
77466
77467
77470
77475
77488
77502
77503
77504
77506
77520
77531
77533
77541
77547
77550
77560
77587
77591
77597
77616
77624
77640
77642
77660
77662
77664
77701
77702
77703
77705
77708
77801
77803
77808
77831
77837
77840
77857
77859
77864
77868
77876
77878
77879
77901
77951
77975
77982
77983
77990
77994
77995
78001
78002
78005
78011
78014
78016
78017
78019
78021
78022
78026
78040
78043
78044
78046
78057
78061
78065
78067
78069
78073
78075
78076
78118
78119
78122
78140
78151
78201
78202
78203
78204
78207
78208
78210
78211
78213
78214
78218
78219
78220
78221
78223
78224
78225
78226
78227
78228
78229
78235
78236
78237
78238
78242
78243
78252
78332
78338
78339
78341
78344
78349
78353
78355
78357
78359
78361
78363
78368
78371
78375
78376
78377
78384
78385
78387
78389
78391
78401
78405
78406
78407
78408
78409
78415
78416
78417
78501
78516
78520
78521
78526
78535
78537
78538
78541
78542
78543
78545
78548
78549
78550
78557
78558
78559
78560
78561
78562
78563
78564
78565
78566
78567
78569
78570
78572
78573
78574
78576
78577
78578
78579
78580
78582
78583
78584
78585
78586
78589
78590
78592
78593
78594
78595
78596
78598
78607
78609
78614
78617
78622
78638
78639
78643
78648
78655
78656
78661
78666
78670
78672
78702
78705
78721
78723
78724
78741
78742
78744
78745
78751
78752
78753
78758
78801
78802
78827
78829
78830
78832
78833
78834
78836
78838
78839
78840
78843
78852
78870
78872
78873
78877
78879
78881
78884
78943
78951
78956
78957
78959
78962
79009
79016
79027
79029
79031
79035
79036
79041
79043
79045
79052
79053
79063
79064
79072
79078
79082
79088
79101
79102
79103
79104
79106
79107
79220
79225
79227
79229
79231
79233
79234
79235
79239
79241
79243
79244
79245
79250
79252
79255
79256
79257
79258
79261
79312
79313
79314
79322
79324
79325
79326
79331
79339
79344
79346
79347
79350
79357
79364
79369
79370
79371
79373
79379
79401
79403
79404
79406
79411
79412
79414
79415
79503
79504
79510
79512
79519
79520
79521
79525
79532
79533
79534
79536
79538
79546
79553
79556
79560
79565
79567
79601
79603
79605
79607
79701
79718
79719
79720
79734
79735
79741
79742
79745
79756
79759
79761
79763
79770
79772
79777
79780
79781
79785
79788
79789
07979
79821
79830
79835
79836
79838
79839
79845
79846
79847
79849
79851
79853
79854
79901
79902
79903
79904
79905
79906
79907
79915
79916
79920
79924
79925
79927
79928
79930
79935
80010
80011
80012
80024
80030
80045
80106
80110
80203
80204
80214
80216
80219
80221
80223
80247
80260
80310
80432
80434
80456
80461
80473
80480
80521
80620
80631
80701
80705
80720
80726
80727
80731
80737
80744
80746
80747
80749
80759
80804
80805
80807
80813
80815
80821
80822
80823
80824
80834
80840
80861
80902
80903
80905
80909
80910
80914
80916
81001
81003
81004
08102
81021
81024
81025
08103
81033
81036
81038
81039
08104
81041
81043
81044
81045
81047
08105
81050
81052
81054
81057
81058
81062
81063
81067
81071
81073
81076
81077
81082
81087
81089
81101
81120
81123
81124
81125
81126
81129
81131
81132
81133
81138
81140
81141
81143
81144
81148
81149
81151
81152
81155
81201
81212
81221
81222
81223
81226
81231
81232
81233
81244
81248
81251
81334
81411
81415
81416
81419
81422
81424
81428
81429
81431
81433
81501
81520
82007
82072
82212
82213
82214
82215
82219
82223
08232
82324
82327
82329
82335
82430
82443
82512
82514
82644
82712
82729
08302
83120
83203
08321
83211
83212
83213
83220
83223
83226
83227
83228
83232
83233
83235
83238
83239
83243
83244
83251
83252
83253
83254
83255
83261
83271
83272
83276
83278
83283
83286
83287
83301
83311
83314
83318
83323
83324
83325
83328
83330
83332
83335
83336
83338
83341
83347
83349
83350
83352
83355
08340
83420
83421
83423
83425
83435
83440
83444
83445
83446
08345
83450
83460
83462
83463
83464
83465
83466
83467
83468
83469
83520
83522
83523
83526
83530
83533
83536
83539
83541
83542
83543
83544
83546
83547
83548
83549
83552
83553
83554
83555
83601
83604
83605
83610
83612
83617
83619
83623
83624
83627
83628
83632
83633
83639
83643
83645
83648
83650
83651
83656
83657
83660
83661
83670
83671
83672
83676
83687
83705
83802
83804
83805
83808
83812
83822
83824
83826
83827
83830
83834
83837
83839
83843
83844
83845
83846
83847
83849
83850
83851
83855
83856
83857
83861
83866
83867
83868
83870
83872
83873
83874
08401
84032
84039
84056
84066
84101
84102
84104
84111
84112
84113
84115
84116
84119
84401
84501
84511
84515
84520
84522
84523
84525
84529
84532
84533
84539
84540
84601
84606
84620
84621
84622
84623
84627
84630
84632
84634
84642
84643
84646
84652
84654
84665
84667
84710
84713
84714
84719
84720
84721
84723
84724
84729
84731
84732
84735
84739
84740
84742
84743
84745
84750
84753
84754
84755
84756
84758
84759
84760
84761
84762
84766
84772
85003
85004
85006
85007
85008
85009
85015
85017
85019
85031
85033
85034
85035
85040
85051
85120
85121
85123
85128
85131
85132
85135
85137
85147
85172
85173
85192
85193
85201
85210
85256
85263
85264
85281
85301
85309
85321
85324
85325
85328
85333
85334
85336
85337
85341
85344
85346
85347
85348
85349
85350
85351
85356
85357
85363
85364
85371
85501
85530
85533
85534
85535
85536
85539
85541
85542
85543
85544
85545
85546
85550
85551
85553
85554
85602
85605
85606
85607
85608
85610
85613
85616
85617
85618
85620
85621
85623
85625
85626
85627
85631
85632
85634
85638
85701
85705
85706
85707
85708
85710
85711
85712
85713
85714
85716
85719
85736
85746
85756
85901
85911
85912
85920
85922
85923
85924
85926
85927
85928
85930
85931
85932
85933
85934
85939
85940
85941
85942
86003
86011
86016
86017
86020
86021
86022
86024
86028
86030
86031
86032
86033
86034
86035
86036
86038
86039
86042
86043
86047
86053
86054
08608
08609
08611
86313
86314
86320
86322
86326
86329
86333
86334
86335
86337
86343
86403
86409
86413
86429
86431
86432
86434
86440
86441
86442
86502
86503
86505
86506
86507
86508
86510
86511
86512
86514
86520
86535
86538
86540
86544
86545
86547
86556
87002
87004
87005
87006
87007
87011
87012
87013
87014
87016
87017
87018
87020
87021
87023
87027
87028
87029
87032
87034
87035
87036
87037
87038
87040
87041
87045
87046
87049
87051
87052
87061
87062
87063
87064
87070
87102
87105
87106
87108
87121
87301
87305
87310
87311
87312
87313
87315
87316
87317
87319
87320
87321
87322
87323
87325
87326
87327
87357
87364
87375
87416
87420
87421
87455
87461
87499
87510
87513
87515
87516
87517
87518
87519
87520
87521
87522
87523
87524
87527
87528
87529
87530
87531
87533
87537
87538
87539
87543
87548
87549
87551
87552
87553
87554
87557
87560
87562
87565
87566
87567
87569
08757
87571
87573
87575
87577
87578
87579
87581
87583
08759
87701
87710
87711
87712
87713
87714
87715
87718
87722
87723
87724
87728
87729
87730
87731
87732
87733
87734
87735
87736
87740
87742
87743
87745
87746
87747
87749
87750
87752
87753
87801
87820
87821
87823
87824
87825
87827
87828
87829
87830
87831
87832
87901
87930
87931
87933
87935
87936
87937
87939
87940
87941
87942
87943
88001
88003
88005
88009
88012
88020
88021
88022
88023
88024
88026
88029
88030
88032
88034
88038
88039
88040
88041
88042
88043
88045
88047
88048
88049
88052
88053
88056
88061
88072
88081
88101
88103
88113
88115
88116
88119
88121
88124
88125
88126
88130
88132
88134
88136
88203
88230
88232
88252
88256
88260
88263
88265
88301
88310
88312
88314
88317
88318
88321
88324
88325
88330
88336
88338
88339
88340
88341
88342
88343
88344
88346
88347
88348
88349
88350
88351
88352
88353
88354
88401
88410
88411
88414
88415
88416
88417
88418
88419
88421
88422
88424
88426
88427
88431
88434
88435
88436
89001
89003
89008
89017
89020
89026
89027
89030
89039
89046
89048
89101
89102
89103
89104
89106
89115
89119
89122
89169
89191
89301
89319
89415
89420
89422
89424
89427
89429
89431
89442
89447
89501
89502
89512
89823
89825
89826
89830
89831
89834
89883
90001
90002
90003
90005
90006
90007
90008
90011
90012
90013
90014
90015
90016
90017
90018
90021
90022
90023
90028
90029
90031
90033
90037
90038
90044
90047
90057
90058
90059
90061
90062
90063
90071
90089
90201
90220
90221
90222
90247
90255
90262
90270
90280
90301
90303
90304
90723
90744
90804
90806
90813
91204
91205
91340
91402
91405
91606
91731
91733
91950
92004
92055
92102
92105
92113
92173
92220
92222
92225
92231
92233
92236
92240
92241
92242
92252
92254
92256
92257
92258
92259
92266
92267
92268
92273
92274
92275
92276
92277
92278
92280
92281
92283
92285
92301
92304
92309
92314
92327
92328
92332
92338
92356
92363
92364
92365
92368
92384
92386
92389
92401
92404
92405
92408
92410
92411
92507
92543
92548
92583
93201
93203
93205
93210
93212
93215
93218
93219
93223
93234
93239
93240
93241
93247
93249
93250
93256
93257
93258
93261
93263
93266
93267
93268
93270
93272
93280
93283
93286
93301
93304
93305
93307
93405
93429
93434
93445
93501
93517
93519
93522
93528
93530
93534
93541
93545
93549
93550
93554
93558
93561
93562
93592
93606
93608
93612
93615
93618
93620
93622
93624
93627
93638
93640
93646
93647
93648
93650
93652
93656
93660
93665
93668
93673
93701
93702
93703
93705
93706
93710
93721
93725
93726
93728
93905
93924
93960
94102
94104
94601
94603
94606
94607
94612
94621
94704
94801
95202
95203
95205
95207
95210
95232
95248
95255
95257
95315
95319
95325
95327
95328
95338
95341
95351
95354
95365
95388
95415
95417
95422
95423
95427
95428
95429
95435
95437
95443
95454
95458
95463
95464
95466
95488
95494
95511
95514
95521
95527
95531
95542
95546
95548
95552
95553
95554
95556
95559
95560
95563
95564
95568
95571
95573
95585
95587
95589
95595
95605
95646
95652
95660
95811
95814
95815
95817
95820
95823
95824
95832
95838
95841
95903
95915
95916
95930
95934
95941
95947
95948
95951
95954
95965
95966
95968
95978
95983
95984
96007
96010
96013
96014
96019
96020
96021
96023
96024
96025
96027
96031
96035
96037
96039
96041
96044
96046
96048
96049
96050
96052
96054
96055
96057
96058
96064
96071
96080
96085
96086
96090
96092
96094
96097
96101
96104
96107
96110
96112
96115
96133
96134
96150
96729
96742
96749
96757
96769
96770
96778
96857
97001
97021
97029
97033
97037
97039
97040
97048
97050
97057
97063
97065
97071
97103
97107
97118
97121
97122
97130
97131
97135
97136
97141
97147
97149
97203
97204
97216
97220
97233
97266
97301
97305
97322
97331
97342
97344
97345
97347
97361
97362
97364
97367
97373
97376
97384
97388
97390
97394
97396
97401
97402
97406
97410
97411
97412
97414
97415
97416
97417
97420
97423
97424
97429
97430
97434
97439
97441
97442
97443
97444
97447
97450
97451
97453
97457
97458
97463
97465
97466
97467
97469
97470
97473
97476
97477
97479
97480
97481
97484
97492
97494
97495
97496
97497
97498
97499
97501
97522
97523
97526
97527
97531
97534
97535
97536
97538
97539
97540
97541
97544
97604
97620
97621
97622
97623
97624
97626
97632
97636
97637
97638
97639
97640
97641
97710
97720
97721
97722
97730
97731
97732
97733
97734
97735
97736
97737
97738
97739
97741
97750
97751
97752
97754
97758
97761
97810
97814
97817
97819
97820
97825
97828
97830
97834
97840
97845
97848
97856
97857
97862
97864
97865
97869
97870
97873
97874
97882
97883
97885
97901
97904
97905
97907
97909
97914
97918
98002
98068
98104
98188
98201
98204
98220
98225
98237
98244
98255
98263
98266
98267
98278
98283
98305
98310
98315
98320
98331
98337
98350
98355
98357
98358
98361
98362
98377
98402
98404
98405
98409
98430
98433
98439
98444
98447
98499
98527
98531
98533
98537
98541
98542
98547
98550
98555
98564
98577
98582
98583
98585
98586
98587
98590
98591
98593
98595
98601
98602
98610
98613
98616
98617
98619
98620
98624
98628
98631
98635
98638
98640
98641
98644
98649
98651
98660
98670
98673
98675
98813
98814
98819
98823
98827
98829
98830
98834
98840
98841
98843
98844
98848
98849
98851
98853
98855
98856
98857
98859
98901
98902
98922
98925
98926
98930
98932
98933
98935
98938
98939
98944
98948
98951
99001
99011
99012
99017
99018
99033
99039
99040
99101
99103
99109
99114
99115
99116
99117
99118
99121
99123
99125
99126
99129
99131
99133
99135
99137
99138
99140
99141
99146
99147
99149
99150
99151
99156
99157
99160
99163
99166
99167
99169
99170
99171
99173
99181
99185
99201
99202
99204
99205
99207
99216
99321
99322
99335
99336
99344
99349
99356
99357
99403
99551
99552
99554
99555
99558
99561
99563
99569
99578
99580
99581
99585
99589
99590
99602
99604
99609
99614
99620
99621
99622
99627
99628
99630
99632
99634
99636
99637
99641
99650
99651
99655
99657
99658
99659
99662
99663
99665
99666
99667
99671
99676
99678
99679
99680
99681
99682
99683
99684
99690
99691
99720
99722
99724
99730
99732
99733
99738
99739
99740
99741
99742
99745
99746
99748
99753
99754
99757
99764
99765
99768
99769
99771
99772
99776
99778
99780
99781
99783
99784
99785
99788
99923
99926
