10001
10003
10004
10006
10010
10011
10012
10013
10014
10016
10017
10018
10019
10020
10022
10025
10036
10038
10044
10069
01007
10162
10165
10170
10171
10199
10278
01028
10280
01029
10306
10307
10308
10309
10312
10314
01036
10505
10507
10509
10511
10512
10516
10520
10522
10523
10524
10530
10532
10535
10537
01054
10541
10543
10545
10547
10548
10549
10552
10562
10567
10573
10579
10588
10589
10591
10594
10595
10596
10598
10603
10604
10605
10606
10607
10707
10709
10710
01072
01073
10901
10910
10913
10914
10915
10916
10917
10918
10919
10920
10921
10923
10924
10925
10926
10930
10931
10933
01095
10952
10953
10954
10956
10958
10960
10962
10963
10964
10965
10968
10969
10970
10973
10974
10975
10976
10979
10983
10984
10985
10987
10988
10989
10990
10992
10994
10996
10998
11001
11003
11005
11010
11021
11023
11040
01106
11109
11201
11215
11217
11231
11357
11360
11362
11363
11366
11375
11426
11428
11501
11507
11509
11510
11514
11516
11518
11520
11542
11547
11552
11554
11557
11558
11559
11561
11563
11565
11566
11569
11570
11572
11579
11580
11581
11590
11596
11694
11697
11702
11703
11704
11705
11706
11709
11710
11713
11714
11715
11716
11718
11719
11720
11721
11725
11727
11729
11730
11731
11732
11733
11735
11738
11740
11741
11742
11743
11746
11747
11749
11751
11752
11754
11755
11756
11757
11758
11762
11763
11764
11766
11767
11768
11769
11770
11776
11777
11778
11779
11780
11782
11783
11786
11787
11788
11789
11790
11792
11793
11795
11796
11801
11803
11804
11930
11931
11932
11933
11934
11935
11937
11939
11940
11941
11942
11947
11948
11949
11952
11954
11955
11956
11957
11958
11959
11960
11963
11964
11965
11967
11968
11970
11971
11972
11976
11977
11978
11980
12017
12019
12024
12029
12037
12041
12054
12060
12061
12065
12067
12077
12084
12110
12115
12130
12132
12136
12148
12156
12158
12159
12161
12165
12184
12186
12196
12211
12309
01237
12409
12443
12448
01245
12484
12495
12498
12502
12512
12514
12516
12517
12518
12520
12521
12525
12529
01253
12531
12533
01254
12540
12545
01255
12563
12564
12569
12570
12571
12572
12574
12575
12577
12578
12580
12581
12582
12585
12590
12603
01264
01267
12833
13035
13051
13062
13063
13066
13078
13104
13115
13122
13138
13152
13153
13215
13319
01355
14026
14031
14032
14051
14059
14068
14072
14085
14127
14170
14221
01431
01434
14450
14472
01450
14506
01452
14526
14534
14543
14580
01460
14610
14618
01462
01463
01473
14814
15007
01503
15031
15044
01505
15051
01507
15071
15075
15082
15090
15101
15142
15143
01516
01518
01519
01520
15215
15217
01522
15228
01523
15237
15238
15241
15243
01525
01529
15317
01532
01534
15350
01536
15367
01541
01543
01545
01560
01561
15634
01564
01566
15668
01568
01569
01581
01583
01590
16046
16066
01612
16415
16827
16851
16865
16868
17007
01701
17016
17036
17050
17072
01718
01719
01720
01721
01730
01731
17339
17363
01740
01745
01746
01747
01749
01752
17538
01756
01760
01775
18020
01803
18034
18036
18040
18046
18051
18054
18059
18062
18068
18069
18070
18074
18077
18078
18081
18087
18092
01810
18106
01821
18219
01824
01827
01833
01834
01835
18411
01845
18471
01860
01862
01863
01864
18653
01867
18707
18708
01876
01879
01880
01886
01887
18901
18902
18912
18914
18915
18920
18923
18925
18929
18930
18932
18936
18938
18940
18942
18944
18947
18950
18954
18962
18966
18969
18972
18976
18980
19001
19002
19003
19006
19008
19009
19012
19017
19025
19027
19031
19034
19038
19041
19044
19046
19047
19060
19063
19064
19067
01907
19073
19075
19081
19083
19086
19087
19095
19096
19102
19103
19106
19118
01913
01915
01922
01923
01929
19301
19311
19316
19317
19319
19333
19335
19341
19342
19343
19345
19348
19350
19352
19355
19373
19374
19375
01938
19380
19382
19390
01940
19403
19406
19422
19426
19428
19435
19436
19437
19438
01944
19442
19444
19446
01945
19453
19454
19456
19457
19460
19462
19465
19468
19472
19477
01949
01950
01951
19520
19523
19525
19535
19610
01966
01969
19701
19707
19709
19711
19716
19731
19734
19803
19806
19808
19810
01982
01983
01985
19930
19944
19971
20003
20004
20005
20008
20009
20012
20036
20037
20105
20106
20110
20111
20112
20117
20118
20119
20120
20121
20129
20130
20132
20135
20136
20137
20139
20141
20147
20148
20151
20152
20155
20158
20164
20165
20166
20169
20170
20171
20175
20176
20180
20181
20186
20187
20190
20191
20194
20197
02021
02026
20307
20319
02032
02035
02038
20390
02043
02045
02047
02048
02050
02053
20535
02054
02056
20601
20603
20607
02061
20611
20612
20613
20615
20616
20617
20619
20620
20621
20622
20623
20624
20625
20628
20630
20632
20634
20636
20637
20639
20645
20646
20650
20657
20658
02066
20660
20664
02067
20674
20675
20676
20677
20678
20680
20684
20685
20686
20687
20689
20690
20692
20693
20695
20701
20707
02071
20711
20714
20715
20716
20720
20721
20723
20732
20733
20735
20736
20744
20751
20758
20763
20764
20765
20769
20772
20774
20776
20778
20779
02081
20832
20837
20839
20841
20850
20851
20852
20853
20855
20860
20861
20866
20868
20871
20872
20874
20876
20878
20879
20880
20882
20886
20895
20896
02090
20901
20902
20904
20905
20910
02093
21009
21012
21013
21014
21015
21017
21028
21030
21031
21032
21035
21037
21042
21043
21044
21045
21046
21047
21048
21050
21051
21053
21054
21056
21057
21071
21074
21075
21076
21077
02108
21082
21084
21087
02109
21090
21093
02110
21102
21104
21105
21108
02111
21111
21113
21114
21117
21120
21122
21128
21132
21136
02114
21140
21144
21146
21152
21154
21155
21156
21158
02116
21160
21161
21162
21163
21204
21208
21209
21210
21212
21286
02129
02130
02132
02138
02140
21401
21402
21403
21409
02142
21612
21617
21619
21634
21638
21641
21648
21652
21653
21654
21658
21662
21663
21666
21669
21673
21677
21701
21702
21704
21710
21713
21714
21717
21718
21754
21755
21758
02176
21762
21769
21770
21771
21773
21774
21776
21777
21784
21790
21791
21797
21798
02180
02184
02186
02190
21920
02199
22003
22015
22025
22026
02203
22030
22031
22032
22033
22041
22042
22043
22044
22046
22060
22079
02210
22150
22151
22152
22153
22172
22180
22191
22192
22193
22201
22202
22203
22205
22206
22209
22211
22301
22302
22303
22304
22305
22306
22307
22308
22309
22310
22312
22314
22315
22405
22406
22407
22408
22485
22553
22554
22556
22620
22639
22643
22646
22663
22712
22716
22720
22724
22728
22729
22740
22742
22749
22901
22911
22932
22935
22936
22940
22943
22947
22959
22974
23011
23015
23039
23047
23059
23060
23069
23089
23102
23112
23113
23114
23116
23120
23129
23139
23146
23160
23168
23173
23185
23188
23192
23221
23226
23229
23233
23235
23236
23238
02324
23304
02332
23322
02333
02339
02341
23432
23433
23435
23436
23451
23454
23456
23457
02347
23507
02356
02357
02359
02360
02364
02366
23662
02367
23692
23693
23696
02375
02379
23832
23836
23838
24059
24083
02445
02446
24503
02451
24536
24556
02458
02460
02461
02464
02465
02472
02474
02476
02478
02494
25304
25314
02535
02537
02539
02540
25425
02543
25443
25446
02554
02556
02563
02564
02575
02584
02630
02633
02635
02637
02644
02648
02650
02655
02659
02668
02669
27012
02702
27023
27104
02713
02715
27235
27282
27310
27358
02738
02739
27408
27410
02748
27502
27503
27511
27513
27517
27518
27519
27523
27539
27540
27560
27572
27587
02760
27607
27608
27612
27613
27614
27615
27617
02763
02764
02766
02767
02769
02770
02771
27712
02779
02791
27927
28031
28036
02806
02807
28075
28078
02808
28104
28105
28108
28117
02812
02813
02815
02817
28173
02818
28203
28209
28210
28211
02822
28226
02825
02827
28270
28277
28278
02828
02835
02836
02837
28409
28449
02852
28533
02857
02865
02872
02874
28741
02875
02876
02879
02882
02892
02894
02896
02898
29036
02906
29063
29072
29075
02912
02921
29409
29451
29455
29464
29466
29492
29572
29681
29708
29915
29926
29928
30004
30005
30009
30019
30022
30024
30030
30040
30041
30062
30064
30066
30067
30068
30075
30076
30078
30092
30097
30101
30115
30152
30165
30189
30214
30215
30269
30290
30305
30306
30307
30309
03031
30319
03032
30326
30328
03033
30338
30339
03034
30342
30345
30346
30350
03036
30363
03037
03042
03045
03046
03049
03051
30519
03052
03053
03054
30548
03057
03062
30622
03063
30677
03070
03071
03076
03079
30809
03084
03086
03087
31005
31047
03110
31324
31411
31522
31561
31804
31807
31808
31820
31829
31831
31905
32003
32082
32092
32128
32223
03224
32258
32259
32266
03229
32309
32312
32317
03233
03241
32459
32461
03249
03254
32541
32550
32561
03257
32708
32746
32751
32766
32779
32789
03281
32814
32819
32827
32832
32836
03284
03290
32903
03291
32940
32949
32950
32951
32952
33019
33026
33027
33028
33029
33036
03304
33042
33062
33067
03307
33071
33076
33129
33131
33133
33134
33140
33143
33146
33154
33156
33158
33176
33180
33301
33305
33306
33308
33316
33323
33325
33326
33327
33328
33330
33331
33332
33408
33410
33412
33414
33418
33431
33432
33433
33434
33446
33449
33455
33458
33467
33469
33470
33472
33477
33478
33483
33486
33496
33498
33547
33548
33556
33558
33572
33596
33602
33606
33609
33618
33626
33629
33647
33706
33715
33767
33785
33786
33813
33912
33913
33921
33924
33928
33945
33957
33965
34102
34103
34105
34108
34109
34110
34117
34119
34134
34140
34145
34201
34202
34211
34212
34216
34217
34219
34229
34238
34240
34241
34242
03443
03449
03458
03462
34637
03466
03467
34685
34688
34747
34786
34787
34987
34990
34996
35043
35147
35173
35213
35226
35242
35243
35244
35406
35741
35749
35757
35758
35763
35801
35802
35824
36013
36052
36064
36093
36112
36113
36527
36561
37014
37027
37046
37064
37067
37069
37135
37179
37204
37205
37215
37220
37221
37315
37377
03745
03746
03753
03755
03768
03770
37772
03781
37919
37922
37934
38002
38017
38018
38028
38029
03811
38117
38119
38138
03819
03823
03824
03826
03827
38326
03833
03840
03841
03844
03854
03856
03861
03862
03865
03870
03871
03873
03884
03885
38852
03902
03903
39110
39211
40010
40014
40022
40023
40026
40041
40059
40067
04017
04019
40207
04021
40222
40223
40241
40245
40280
40339
04043
04050
40502
40509
40510
40513
40514
40515
40516
04074
04096
04097
41017
41048
04105
04107
41075
04108
04109
41091
04110
41425
42122
43002
43004
43016
43017
43021
43023
43035
43045
43061
43065
43077
43082
43085
43112
43147
43209
43220
43221
43235
43240
43438
43446
43456
04347
43504
43525
43542
43560
43566
43571
43617
44011
44012
44023
44072
44116
44122
44124
44136
44139
44140
44141
44143
44145
44147
44149
44202
44233
44236
44264
44274
44280
44286
44321
44333
44406
04444
44718
45039
45040
45052
45053
45066
45069
45111
45140
45147
45174
45208
45226
45230
45233
45241
45242
45244
45249
45252
45255
45305
45307
45370
45419
45434
45458
46032
46033
46037
46038
46040
46055
46062
46074
46075
46110
46112
46123
46126
46236
46256
46259
46278
46280
46290
46301
46311
46321
46373
46530
46765
46804
46845
47119
47630
47725
48009
48025
48028
48042
48069
48070
48084
48085
48094
48095
48096
48098
48103
48105
48114
48116
48128
48130
48138
48143
48144
48167
48168
48169
48170
48187
48188
48230
48236
48306
48307
48309
48315
48316
48322
48323
48324
48331
48334
48335
48348
48350
48360
48362
48363
48367
48370
48374
48375
48380
48381
48382
48383
48411
48428
48438
48864
48895
49012
49083
49301
49302
49306
49546
49670
49674
50038
50039
50061
50069
50105
50111
50167
50211
50226
50261
50263
50265
50266
50321
50323
50325
05055
05059
05071
05091
51001
51023
51024
51038
51062
51360
51557
51640
52068
52242
52324
52328
52333
52338
52341
52411
05251
05253
52542
52573
52626
52722
52753
52758
52767
52768
52807
53005
53012
53017
53018
53022
53024
53029
53033
53044
53045
53046
53058
53066
53069
53072
53076
53089
53092
53097
53108
53118
53119
53125
53126
53132
53146
53149
53150
53151
53153
53158
53183
53184
53189
53191
53217
53517
53527
53528
53529
53558
53562
53575
53593
53597
53717
54016
54021
05405
54082
54155
54169
54313
05445
54540
54554
05461
05465
05482
05489
54913
54927
54931
05494
54942
05495
55001
55014
55016
55018
55020
55038
55042
55043
55044
55047
55054
55065
55068
55073
55077
55082
55085
55090
55105
55110
55115
55120
55122
55123
55124
55125
55126
55127
55129
55150
55301
55304
55305
55306
55311
55315
55316
55317
55318
55319
55322
55327
55328
55331
55340
55341
55344
55345
55346
55347
55352
55357
55359
55364
55369
55372
55374
55375
55376
55378
55384
55386
55387
55391
55401
55410
55416
55419
55436
55438
55439
55441
55442
55446
55447
55449
55902
55906
55955
55960
56027
56144
56164
56219
56279
56321
56369
05674
56744
57026
57030
57032
57038
57049
57068
57078
57108
57117
57638
57641
57642
57645
57648
57660
57702
57724
57751
58021
58042
58047
58051
58052
58059
58104
58225
58439
58503
58623
58634
58649
58653
58835
58847
59002
59106
59221
59270
59275
59634
59720
59729
59847
60002
60004
60005
06001
60010
60012
60013
60014
06002
60021
60025
60026
60030
60031
60040
60044
60046
60047
60048
60060
60061
60062
60067
60068
60074
60076
60081
60083
60089
60102
60103
60108
60109
60118
60119
60124
60126
06013
60134
60136
60137
60140
60142
60143
60156
60157
60172
60174
60175
60177
60184
60185
60187
60188
60189
06019
60190
60192
60194
60201
60202
60203
06021
06022
06023
06026
06029
60302
60304
06031
06032
06033
06035
06037
06039
60404
60410
60422
60423
06043
60439
60442
60447
60448
60449
60451
60461
60462
60463
60464
60467
60480
60487
60490
60491
60502
60503
60510
60512
60514
60515
60516
60517
60519
60523
60525
60526
60527
60532
60536
60539
60540
60541
60542
60543
60544
60546
60554
60559
60560
60561
60563
60564
60565
06057
06058
60585
60586
06060
60601
60602
60603
60604
60605
60606
60607
06061
60610
60613
60614
06063
60631
60646
60654
60655
60657
60661
06068
06069
06070
60712
06073
06074
06078
06081
06084
06085
06089
06090
06093
06095
06103
61038
61057
61065
06107
61073
06109
61114
06117
61324
61517
61525
61526
61528
61548
61550
61552
61615
61625
61704
61705
61725
61732
61736
61745
61754
61772
61774
61822
62034
62061
62062
62236
62269
62295
06231
06232
06237
06238
06242
06247
06248
06249
06250
62535
62536
62563
06259
62625
62629
62684
62693
62711
62712
06281
06282
63011
63017
63021
63025
63040
63057
63105
63117
63119
63122
63127
63128
63129
63132
63141
63144
63304
06333
63332
06334
63341
06335
06336
63367
63368
06339
06353
06355
06357
06359
06365
63673
06370
06371
06375
06376
06378
06385
06390
64034
06405
64060
64064
64070
64081
64082
64086
06409
64092
06410
64112
64113
06412
06413
06414
06415
64152
64156
64157
06416
64165
64166
64167
06417
06419
06420
06422
06423
06424
06426
06437
06438
06441
06442
06443
06444
06447
06455
06460
06461
06467
06468
06469
06470
06471
06472
06473
06475
06477
06478
06479
06480
06481
06482
06484
06488
06489
06492
06498
06517
06518
06524
65809
66013
66018
66019
66031
66043
66061
66062
66085
06611
06614
66205
66206
66207
66208
66209
66210
66211
66213
66216
66217
66218
66219
66220
66223
66224
66226
66227
66409
66541
66610
67002
67101
06712
06716
67205
67206
67215
67223
67226
67227
67228
67230
67235
67332
67342
06750
06751
06754
06755
06756
06757
06758
06759
06762
06763
06776
06777
06778
06783
06784
06785
06791
06793
06794
06795
67950
06796
06798
68007
06801
68022
68023
68028
68034
06804
68058
68059
68069
06811
68116
68118
06812
68124
68130
68133
68135
68136
68154
06825
68304
68325
68336
68339
68366
68402
68407
68428
68462
06850
06851
68514
68516
68517
68523
68526
68527
68532
06855
68719
68978
06902
06905
06906
06907
69132
69201
69212
69216
70002
70005
07004
70047
07005
07006
07009
70124
07013
07016
07020
07023
07024
07030
07034
07040
07041
07042
07044
70447
70448
07045
70461
70471
70503
70508
07052
07054
07058
70605
07066
07067
07068
07069
07070
70725
70734
07075
07076
70769
07079
07080
70808
07081
70810
70817
07083
07086
07092
07094
07095
07110
71106
71276
71286
71749
72207
72212
72223
72338
73007
73012
73013
07302
73025
73034
73072
73078
07310
73116
73131
73134
73162
73170
73173
73949
07405
07410
74114
74137
07418
07421
07422
07430
07432
07435
07436
07438
07440
07442
07444
07446
07456
07457
07460
07461
07462
07463
07465
07470
07480
75002
75007
75009
75010
75013
75019
75022
75023
75024
75025
75028
75032
75034
75035
75039
75048
75054
75056
07506
75063
75065
75070
75071
75075
75077
75078
07508
75082
75087
75088
75089
75093
75094
07512
75126
75164
75167
75181
75182
75201
75209
75214
75218
75219
75229
75230
75244
75248
75251
75252
75556
76001
76008
76016
07603
76035
07604
76049
07605
76051
76052
76054
76063
76064
76065
07607
76087
76109
76123
76126
76129
76182
07621
76210
76226
07624
76244
76248
07626
76262
07628
07630
07631
07640
07642
07645
07646
07647
07648
07649
07652
07656
76571
07661
07663
76638
07666
07675
07676
77002
77006
77007
77008
07701
77010
77019
07702
77025
77027
07704
77041
77046
77056
77059
77062
77068
77069
77077
77079
77095
77096
77098
07711
07716
07717
07718
07719
07721
07723
07724
07726
07727
07728
07730
07731
07732
77336
77339
77345
77346
77354
77355
77356
77362
07737
77375
77377
77379
07738
77380
77381
77382
77384
77386
77388
77389
77406
77429
77433
77441
77450
77459
07746
07747
77476
77478
77479
07748
77481
77494
77498
07750
77505
07751
77523
77536
77546
07755
77565
07757
77573
77578
07758
77583
77584
77586
07762
07764
77845
77976
78004
78006
78015
78023
07803
78070
78132
78163
07820
78209
07821
07822
78231
78232
78248
07825
78253
78255
78256
78258
78259
07826
78260
78261
78266
07828
07832
07833
78335
07834
07836
07838
07840
78414
07842
07843
07846
07847
07848
07849
07850
07851
07852
07853
78536
07856
78588
78591
07860
78610
78613
78619
78620
78628
78645
07865
78652
78657
07866
78665
78669
78676
78681
78701
78703
07871
78717
78726
78731
78732
78734
78735
78736
78737
78738
78739
07874
78749
78750
78759
07876
07878
07880
07881
07882
07885
79033
79091
79093
79119
79121
79124
07921
79236
07927
07932
07933
07936
07940
79424
07950
07960
07961
79705
79707
79738
07974
79758
79765
07977
07980
07981
79911
79922
80005
80007
08001
80015
80016
80018
80020
80023
80025
80026
80027
08003
08004
08006
08008
80104
80107
80109
80111
80112
80113
80116
80118
80121
80122
80123
80124
80125
80126
80127
80128
80129
80130
80131
80132
80133
80134
80135
80137
80138
08014
08020
80206
80209
80210
08022
80220
80228
80230
80238
80241
08026
80301
80304
80305
08033
08034
08035
08036
08039
80401
80403
08041
08042
80423
80425
80426
08043
80433
80435
80439
80443
80453
80454
80455
80457
80465
80466
80470
80471
08048
80481
80497
80498
80503
80504
08051
80513
80515
80516
80528
08053
80532
08054
80540
80542
80544
80546
80547
08055
08056
08057
80602
08061
08062
80644
08073
08074
80758
08077
08080
80809
08085
08088
08090
80906
80908
80919
80920
80921
80924
80926
08097
08098
81121
81128
81130
81137
81235
81435
81506
81507
81524
81525
81611
81612
81615
81620
81621
81631
81632
81642
81654
81655
81656
81657
82009
82051
82052
82055
82058
82059
82061
82081
82082
82083
82084
82190
08221
08223
08230
82322
82336
08243
08246
08247
08248
82620
82630
82636
82638
82646
82648
82718
82732
82801
82923
82925
82932
82941
82942
82945
83001
83011
83012
83013
83014
83025
83111
08322
83245
83312
83340
83342
83414
83428
83449
08361
83616
83669
83712
83716
84003
84004
84010
84013
84014
08402
84020
84025
08403
84037
84040
84042
84049
84054
84060
84062
84065
84092
84093
84095
84098
84103
84108
84109
84117
84121
84124
84310
84317
84653
84765
08501
85018
85028
85044
85045
85048
08505
85050
85054
85083
85085
85086
85087
08510
08511
08512
08514
08520
85207
85226
85233
85234
85248
85249
08525
85254
85258
85259
85260
85262
85266
85268
08527
08528
85284
85286
85295
85296
85297
85298
08530
85308
85310
08533
85331
08534
85340
08535
85355
08536
85383
85396
08542
08551
08553
08555
08559
08560
08561
85641
85658
85718
85737
85749
85750
85755
08619
08620
08628
86351
08640
08648
86504
08690
08691
87008
87043
87047
87048
87122
08720
08730
08732
87328
08734
08736
08738
87402
08741
08742
08750
87501
87506
08753
87544
08755
87574
08758
08801
08802
08804
08807
08808
08809
08810
08812
08816
08817
08820
08821
08822
88220
08823
08824
08825
08826
08827
08828
08829
08830
08831
08833
08836
08837
08840
88430
08844
08846
08848
08850
08852
08853
08854
08857
08867
08869
08872
08873
08876
08880
08886
08887
08889
08890
89002
89004
89005
89010
89012
89019
08902
08904
89044
89052
89054
89060
89061
89074
89113
89124
89131
89134
89135
89141
89144
89149
89166
89178
89179
89411
89421
89423
89436
89439
89441
89448
89449
89450
89451
89509
89511
89519
89703
89704
89815
89828
89832
90024
90025
90035
90036
90045
90046
90048
90056
90064
90066
90068
90069
90094
90211
90212
90230
90232
90240
90245
90254
90275
90277
90278
90291
90292
90293
90403
90405
90503
90505
90603
90623
90630
90638
90703
90712
90713
90720
90732
90740
90742
90743
90746
90755
90803
90807
90808
90814
91001
91006
91007
91024
91030
91106
91107
91202
91206
91207
91208
91214
91301
91307
91311
91316
91320
91326
91344
91350
91354
91355
91356
91360
91361
91362
91364
91367
91371
91377
91381
91384
91387
91390
91403
91423
91504
91506
91602
91604
91701
91708
91709
91711
91737
91739
91741
91745
91750
91752
91759
91765
91773
91775
91784
91789
91791
91901
91902
91913
91914
91915
91917
91935
91941
92003
92007
92009
92010
92011
92019
92024
92029
92037
92061
92064
92065
92075
92078
92082
92106
92118
92120
92121
92122
92124
92126
92127
92128
92129
92130
92131
92155
92203
92211
92253
92270
92305
92321
92336
92339
92352
92358
92373
92391
92397
92506
92508
92562
92563
92590
92592
92596
92602
92604
92606
92610
92612
92614
92618
92620
92624
92626
92629
92630
92646
92648
92649
92653
92656
92660
92661
92662
92663
92672
92673
92675
92676
92677
92688
92691
92692
92694
92705
92708
92782
92807
92808
92823
92833
92835
92845
92860
92865
92867
92869
92870
92880
92881
92882
92883
92886
93004
93010
93012
93013
93021
93022
93023
93035
93063
93064
93065
93066
93067
93103
93105
93109
93110
93111
93311
93312
93314
93420
93424
93427
93428
93432
93440
93441
93449
93451
93452
93460
93461
93463
93465
93510
93531
93532
93551
93611
93619
93626
93651
93666
93667
93711
93720
93730
93908
93920
93921
93923
93940
93950
94002
94015
94019
94020
94021
94025
94030
94037
94038
94040
94041
94043
94044
94060
94061
94065
94066
94070
94074
94080
94085
94086
94087
94089
94105
94107
94109
94110
94111
94112
94114
94115
94116
94117
94118
94121
94122
94123
94127
94131
94158
94303
94304
94306
94401
94402
94403
94404
94502
94505
94508
94510
94513
94516
94517
94518
94521
94523
94530
94531
94534
94536
94538
94539
94542
94546
94547
94548
94550
94551
94552
94553
94555
94556
94558
94560
94561
94564
94566
94567
94568
94569
94574
94576
94582
94583
94587
94588
94591
94595
94596
94597
94598
94599
94602
94610
94611
94619
94705
94706
94707
94708
94803
94901
94903
94922
94923
94924
94925
94929
94930
94933
94937
94938
94939
94940
94941
94945
94946
94947
94949
94950
94952
94954
94956
94960
94963
94965
94970
94971
94972
94973
95003
95004
95005
95006
95007
95008
95013
95014
95017
95018
95020
95032
95033
95035
95037
95041
95043
95045
95046
95051
95054
95060
95065
95066
95073
95075
95118
95119
95121
95123
95124
95125
95126
95129
95130
95131
95132
95133
95134
95135
95136
95139
95148
95212
95219
95220
95236
95242
95304
95316
95366
95368
95369
95377
95391
95405
95409
95412
95431
95441
95442
95444
95448
95450
95452
95465
95472
95492
95497
95612
95614
95618
95624
95625
95626
95628
95630
95638
95648
95650
95651
95658
95659
95661
95663
95664
95668
95672
95674
95682
95683
95693
95722
95742
95747
95757
95758
95762
95765
95819
95829
95830
95835
95837
95864
95918
95938
95939
95942
96033
96047
96087
96114
96148
96161
96701
96706
96707
96712
96731
96734
96738
96743
96744
96756
96761
96768
96779
96789
96790
96795
96797
96816
96821
96822
96825
96853
96859
97009
97034
97035
97062
97068
97086
97089
97109
97117
97119
97133
97140
97210
97212
97219
97221
97225
97229
97231
97239
97408
97635
97910
97913
98004
98005
98006
98008
98010
98011
98012
98014
98019
98020
98021
98024
98026
98027
98028
98029
98033
98034
98038
98042
98045
98050
98051
98052
98053
98058
98059
98065
98070
98072
98074
98075
98077
98092
98102
98103
98109
98110
98112
98115
98116
98117
98119
98136
98155
98164
98166
98177
98199
98224
98232
98258
98275
98288
98296
98314
98327
98332
98333
98335
98345
98353
98364
98380
98391
98421
98422
98606
98607
98642
98685
99005
99019
99020
99021
99023
99036
99128
99338
99345
99346
99352
99353
99362
99502
99507
99515
99516
99517
99540
99559
99567
99572
99576
99577
99587
99605
99631
99633
99670
99685
99692
99709
99712
99723
99762
99775
99801
99824
99840
