10009
01001
01002
10027
10029
10033
01005
01008
01009
01010
01011
10110
01012
01020
01022
01026
01027
01030
10301
10302
10303
10304
10305
01031
10310
01032
01034
01035
01037
01038
01039
10461
10463
10465
10466
10469
10470
10471
10475
01050
10517
01053
10550
10553
01056
10566
01057
01060
10601
01062
01066
01068
01069
01070
10701
10703
10704
01071
01074
01075
01077
01079
01080
10801
01081
01082
01083
01084
01085
01086
01088
01089
01092
10922
10927
10928
01093
10932
01094
10940
10941
10950
01096
01097
10977
01098
10980
10993
11004
11096
11102
11103
11104
11105
11106
01118
11203
11204
11205
11209
11210
11218
11222
11223
11228
11229
11230
11234
11235
11236
11238
01128
01129
11354
11356
11358
11361
11364
11365
11367
11368
11369
11372
11373
11374
11377
11378
11379
11385
11411
11412
11413
11414
11415
11416
11417
11418
11419
11420
11421
11422
11423
11424
11425
11427
11429
11430
11432
11433
11434
11436
11550
11553
11556
11575
11693
11701
11717
11722
11726
11772
11784
11798
11901
11944
11946
11950
11951
11953
11961
01199
12007
12008
12009
01201
12018
12020
12022
12023
12025
12027
12028
12032
12033
12035
12040
12042
12045
12046
12047
12052
12053
12056
12058
12059
12062
12063
12066
12068
12069
12070
12071
12072
12074
12075
12076
12083
12085
12086
12087
12089
12090
12092
12093
12094
12095
12106
12108
12116
12117
12118
12120
12121
12122
12123
12124
12125
12131
12134
12137
12138
12139
12140
12143
12144
12147
12150
12151
12153
12154
12157
12164
12166
12168
12169
12170
12172
12173
12174
12175
12176
12177
12180
12183
12185
12187
12188
12189
12190
12192
12193
12194
12195
12198
12203
12204
12205
12208
12209
01222
12222
01223
01224
01225
01226
01229
01230
12302
12303
12304
12306
12308
01235
01236
01238
01240
12401
12404
12406
12410
12411
12412
12413
12414
12416
12417
12418
12419
01242
12420
12421
12422
12423
12424
12429
01243
12430
12431
12432
12433
12434
12435
12439
01244
12440
12441
12444
12446
12449
12451
12452
12453
12456
12457
12458
12460
12461
12463
12464
12465
12466
12468
12469
12471
12472
12474
12475
12477
12480
12481
12482
12483
12486
12487
12489
12490
12491
12492
12493
12494
12501
12503
12504
12507
12508
12513
12515
12522
12523
12524
12526
12527
12528
12530
12534
12538
12542
12543
12546
12547
12548
12549
12550
12553
01256
12561
12565
12566
12567
01257
01258
12583
12586
12589
01259
12592
12594
01260
12601
12604
01262
01266
01270
12719
12720
12721
12722
12723
12724
12726
12729
12732
12733
12736
12737
12738
12741
12743
12745
12746
12747
12748
12750
12752
12754
12758
12760
12762
12763
12764
12766
12767
12769
12770
12771
12775
12776
12777
12778
12779
12780
12781
12783
12784
12785
12786
12787
12789
12790
12791
12792
12803
12804
12808
12809
12810
12812
12814
12815
12816
12817
12821
12822
12823
12824
12827
12828
12831
12832
12834
12835
12836
12838
12842
12844
12845
12846
12847
12850
12859
12860
12864
12865
12866
12871
12873
12874
12878
12884
12885
12912
12913
12918
12919
12920
12921
12928
12932
12936
12939
12941
12942
12943
12945
12946
12950
12952
12953
12962
12964
12969
12970
12972
12976
12977
12978
12979
12981
12983
12985
12986
12987
12989
12992
12993
12996
12997
01301
13020
13021
13026
13027
13028
13029
13030
13031
13032
13033
13034
13036
13037
13039
13040
13041
13042
13044
13045
13052
13053
13054
13057
13060
13061
13068
13069
13071
13072
13073
13076
13077
13080
13081
13082
13084
13087
13088
13090
13092
13101
13102
13103
13108
13110
13112
13113
13114
13116
13117
13118
13123
13124
13126
13131
13132
13134
13135
13136
13140
13141
13142
13145
13146
13147
13148
13155
13157
13158
13159
13160
13162
13163
13164
13165
13166
13167
13209
13212
13214
13219
13224
01330
13301
13303
13304
13308
13309
01331
13310
13315
13316
13317
13318
13321
13322
13323
13324
13328
13331
13332
13334
13335
13337
13339
13341
13342
13343
13346
13348
13352
13353
13354
13355
13357
13360
13362
13363
01337
01338
13402
13403
13404
13406
13408
13409
01341
13411
13413
13415
13416
01342
13420
13421
13425
01343
13431
13435
13436
13438
01344
13440
13454
13456
13460
13461
13464
13469
01347
13472
13475
13476
13477
13478
13480
13483
13484
13486
13488
01349
13490
13491
13492
01351
01354
01360
13605
13606
13608
13612
13614
13615
13616
13618
13621
13622
13623
13624
13625
13626
13634
13637
13638
13640
13641
13646
13647
13650
13651
13654
13656
13658
13659
01366
13660
13664
13667
13668
13672
13673
13678
01368
13680
13682
13685
13687
13692
13693
13694
01370
01373
13731
13732
13733
13736
13743
13744
13746
13748
01375
13752
13757
13760
13775
13776
13777
13778
01378
13782
13784
13787
01379
13794
13795
13797
13801
13802
13803
13806
13807
13808
13811
13813
13826
13827
13830
13832
13833
13834
13835
13838
13841
13843
13844
13846
13850
13862
13863
13864
13865
13901
13902
13903
14001
14005
14006
14008
14009
14011
14012
14020
14025
14028
14030
14033
14035
14036
14037
14039
14040
14041
14043
14047
14052
14054
14055
14057
14058
14060
14061
14065
14067
14069
14075
14080
14081
14082
14086
14091
14092
14094
14098
14105
14108
14109
14111
14112
14113
14120
14125
14126
14131
14132
14134
14135
14136
14139
14141
14143
14145
14150
14167
14168
14169
14172
14174
01420
14202
14209
14216
14217
14223
14224
14226
14227
14228
01430
14304
01432
01436
01438
01440
14414
14415
14416
14418
14420
14422
14423
14424
14425
14427
14428
14432
14441
14445
14456
14462
14464
14466
14467
14468
14469
14470
14471
14475
14476
14477
14478
14479
14480
14481
14482
14485
14486
14487
14502
14505
14510
14511
14512
14514
14516
14519
14521
14522
14525
14527
14529
01453
14532
14533
14537
14539
14541
14542
14544
14545
14546
14548
14549
14551
14555
14559
14561
14564
14568
14571
14585
14586
14588
14589
14590
14591
14592
14607
14612
14616
14617
14622
14623
14624
14625
14626
01464
01468
01469
14706
14710
14712
14714
14718
14720
14722
14728
14731
14738
01474
14742
14743
01475
14750
14752
14756
14757
14777
14782
14784
14802
14803
14808
14812
14815
14816
14817
14818
14821
14823
14824
14825
14826
14827
14830
14837
14838
14840
14841
14842
14845
14847
14850
14854
14858
14859
14861
14864
14867
14870
14871
14872
14874
14878
14879
14881
14882
14883
14886
14891
14893
14894
14903
14905
15001
15005
15006
15009
01501
15010
15017
15018
15020
15021
15024
15025
15026
15028
15037
15038
01504
15042
15043
15046
15047
15050
15052
15055
15057
01506
15061
15063
15064
15068
15076
15077
15081
15083
15084
15085
15088
01510
15102
15106
15108
15116
15126
15129
15131
15135
15136
15139
15146
15147
01515
15202
15203
15205
15209
01521
15211
15216
15218
15220
15222
15223
15226
15227
15229
15232
15234
15235
15236
15239
01524
01527
15301
01531
15310
15311
15312
15313
15316
15321
15323
15324
15329
15330
15332
15333
15337
15340
15341
15342
15345
15347
15348
01535
15352
15358
15359
15360
15361
15362
15363
15364
15366
15368
01537
15376
15377
15378
15379
15380
01540
01542
15421
15427
15429
15437
15440
15448
15479
15484
01550
15502
15510
15535
15541
15542
15555
15560
15561
15601
15610
15611
15613
15615
15616
15617
15618
01562
15623
15624
15625
15626
15628
15632
15633
15635
15636
15637
15638
15640
15641
15642
15644
15646
15647
15650
15655
15656
15658
15660
15662
15665
15670
15672
15676
15677
15678
15680
15681
15684
15687
15691
15692
15693
15695
15696
15698
01570
01571
15710
15716
15722
15723
15729
15732
15733
15734
15736
15738
15739
15745
15747
15750
15760
15761
15762
15774
15777
15781
15801
15832
01585
15857
15861
01588
15904
15905
15927
15928
15930
15931
15934
15935
15937
15940
15942
15948
15951
15952
15955
16002
01602
16020
16022
16023
16024
16025
16027
16029
16030
16033
16034
16037
01604
16040
16045
16048
01605
16050
16051
16052
16053
16055
16056
16059
01606
16063
01607
01609
16105
01611
16113
16115
16120
16123
16127
16133
16136
16137
16142
16143
16148
16150
16153
16156
16159
16212
16224
16229
16230
16242
16254
16262
16316
16317
16327
16331
16334
16342
16345
16347
16350
16362
16372
16410
16412
16417
16421
16422
16426
16427
16428
16433
16440
16441
16442
16505
16506
16509
16510
16511
16563
16611
16624
16625
16635
16638
16647
16648
16665
16669
16677
16682
16683
16725
16726
16727
16728
16732
16734
16738
16744
16803
16823
16826
16828
16829
16835
16841
16844
16859
16870
16874
16875
16877
16911
16915
16921
17003
17005
17006
17010
17011
17013
17015
17017
17018
17019
01702
17020
17022
17023
17024
17025
17026
17028
17030
17032
17033
17037
17038
17039
17040
17041
17042
17043
17045
17047
17048
17049
17053
17055
17056
17057
17059
17061
17062
17064
17065
17067
17068
17069
17070
17071
17073
17074
17076
17077
17078
17080
17081
17083
17084
17087
17088
17090
17093
17094
17097
17109
17110
17111
17112
17202
17210
17211
17212
17213
17214
17215
17217
17219
17220
17221
17222
17224
17225
17235
17236
17237
17238
17239
17240
17241
17244
17246
17247
17250
17251
17252
17254
17255
17256
17261
17262
17263
17265
17266
17267
17268
17270
17271
17272
17301
17302
17304
17306
17307
17309
17311
17313
17314
17315
17316
17317
17318
17319
17320
17321
17322
17324
17325
17327
17329
17331
17340
17343
17345
17347
17349
17350
17352
17353
17355
17356
17360
17361
17362
17364
17365
17366
17368
17370
17371
17372
17402
17403
17404
17406
17407
17408
17501
17502
17505
17507
17508
17509
17512
17516
17517
17518
17519
17520
17522
17527
17529
17532
17535
17536
01754
17540
17543
17545
17547
17550
17551
17552
17554
17555
17557
17560
17562
17563
17565
17566
17569
01757
17570
17572
17576
17578
17579
17581
17582
17584
17601
17603
17606
17702
17723
17727
17728
17737
17739
17740
17742
17744
17747
17752
17754
17756
17762
17771
17772
17774
17776
17777
17815
17820
17821
17822
17823
17824
17827
17830
17836
17837
17844
17846
17850
17855
17857
17859
17860
17864
17865
17867
17868
17870
17876
17884
17888
17889
17920
17922
17929
17933
17938
17941
17944
17945
17951
17957
17960
17961
17963
17964
17967
17968
17972
17974
17978
17979
17980
17983
17985
01801
18011
18013
18014
18015
18017
18018
18030
18031
18032
18035
18037
18038
18041
18042
18045
18049
18052
18053
18055
18056
18058
18063
18064
18066
18067
18071
18072
18073
18076
18079
18080
18083
18085
18086
18088
18091
18103
18104
18210
18211
18212
18214
18220
18222
18229
18230
18231
18235
18241
18242
18244
18245
18246
18248
18249
18251
18254
18256
01826
01830
18301
18302
01832
18321
18322
18323
18324
18325
18326
18327
18328
18330
18331
18332
18333
18334
18335
18336
18337
18340
18342
18343
18344
18346
18347
18349
18350
18351
18352
18353
18354
18355
18356
18357
18360
18370
18371
18372
18403
18405
18413
18414
18415
18419
18420
18424
18425
18426
18428
18430
18433
18434
18435
18436
18438
18439
01844
18441
18443
18444
18445
18446
18447
18451
18453
18454
18455
18456
18457
18458
18459
18460
18462
18463
18464
18465
18466
18469
18470
18472
18473
01850
18507
18509
01851
18512
18518
18519
01852
01854
18602
18610
18612
18615
18618
18621
18622
18624
18625
18629
18631
18635
18636
18640
18641
18642
18643
18644
18655
18656
18657
18660
18661
18801
18812
18816
18817
18818
18823
18824
18825
18826
18829
18830
18831
18834
18842
18843
18844
18845
18850
18851
18853
18917
18935
18951
18955
18960
18964
18970
18974
19007
19014
19015
19018
19020
19021
19026
19029
19030
19032
19033
19036
01904
19040
19043
19050
19053
19054
19055
19056
19057
01906
19061
19070
19074
19076
19078
19082
19090
19094
19107
19111
19113
19114
19115
19119
19127
19128
19129
19130
19147
19150
19152
19154
01930
19310
19320
19330
19344
19358
19362
19363
19365
19367
19372
19401
19405
19440
19464
19473
19492
19501
19503
19504
19505
19506
19507
19508
19510
19511
19512
19518
19519
01952
19522
19526
19529
19530
19533
19534
19536
19538
19539
19540
19541
19542
19543
19544
19545
19547
19549
19550
19551
19554
19555
19559
19560
19562
19564
19565
19567
01960
19605
19606
19607
19608
19609
01970
19702
19703
19706
19713
19720
19730
19733
19804
19805
19809
19901
19904
19931
19933
19934
19936
19938
19939
19940
19941
19943
19945
19946
19947
19950
19951
19952
19953
19954
19955
19956
19958
19960
19962
19963
19964
19966
19967
19968
19970
19973
19975
19977
19979
20001
20002
20007
20010
20011
20017
20018
20024
20109
20115
20144
20184
02019
20317
20373
20602
20606
20608
20609
20618
02062
20626
20629
20640
20653
20659
20662
20667
20670
20688
20705
20706
20708
20710
20712
02072
20722
20737
20740
20743
20745
20746
20747
20748
20754
20755
20762
20770
20781
20782
20783
20784
20785
20794
20877
20899
20903
20906
20912
21001
21005
21010
21034
21040
21052
21060
21061
21078
21085
02113
21130
21133
02115
21157
02118
21207
21211
21214
21218
21219
02122
21220
21221
21222
21224
21226
21227
21228
21230
21231
21234
21236
21237
21239
02124
21244
02125
02126
02127
02128
02131
02135
02136
02139
02141
02143
02144
02145
02148
02149
02151
02152
21520
21522
21524
21529
21531
21532
21536
21541
02155
21561
21601
21607
21610
21613
21620
21622
21623
21624
21626
21627
21628
21629
21631
21635
21639
21643
21644
21645
21647
21650
21651
21655
21657
21660
21661
21664
21665
21667
21668
21671
21672
21675
21676
21678
02169
02170
21703
21705
02171
21711
21716
21719
21722
21727
21733
21742
21756
21757
21767
21778
21779
21780
21781
21782
21783
21787
21788
21793
21795
21801
21804
21810
21811
21813
21814
21822
21826
21829
21830
21835
21837
21838
21840
21841
21842
21849
21850
21856
21861
21862
21863
21864
21865
21867
21872
21874
21875
02188
02189
21901
21902
21903
21904
02191
21911
21913
21914
21915
21916
21917
21918
21919
21921
21930
22125
22204
22311
22401
22427
22432
22437
22443
22448
22454
22460
22469
22473
22480
22482
22488
22503
22508
22514
22520
22529
22530
22534
22535
22538
22539
22546
22551
22576
22578
22579
22580
22601
22602
22603
22610
22611
22623
22624
22625
22627
22630
22637
22640
22641
22642
22644
22645
22650
22652
22654
22655
22656
22657
22660
22664
22701
22709
22711
22713
22714
22715
22718
22719
22722
22723
22726
22727
22730
22731
22732
22733
22734
22735
22736
22737
22738
22741
22743
22747
22801
22807
22810
22812
22815
22821
22824
22827
22831
22832
22834
22835
22840
22841
22842
22843
22844
22845
22846
22847
22850
22853
22902
22903
22920
22922
22923
22931
22937
22938
22939
22942
22946
22948
22949
22952
22958
22963
22964
22967
22968
22969
22971
22972
22973
22976
22980
22989
23002
23005
23009
02301
02302
23021
23022
23025
23030
23035
23038
23043
23045
23050
23055
23056
23061
23062
23063
23064
23065
23066
23068
23070
23071
23072
23076
23083
23084
23086
23091
23092
23093
23106
23108
23109
23110
23111
23115
23119
23124
23125
23128
23130
23138
23140
23141
23149
23150
23153
23156
23163
23169
23175
23176
23177
23181
23187
02322
23225
23227
23228
23230
23231
23234
23237
23294
02330
23302
23303
23310
23313
23314
23315
23316
23320
23321
23323
23325
23336
23337
23350
23356
23358
23389
23395
23398
23401
23410
23413
23415
23416
23417
02343
23430
23434
23437
23438
23440
23452
23453
23455
23459
02346
23460
23461
23462
23464
23486
23487
23502
23503
23505
23508
23509
02351
23510
23511
23517
23518
23601
23602
23603
23606
23608
23651
23661
23664
23665
23666
23669
02368
23691
02370
23703
23801
23805
02382
23830
23831
23833
23834
23839
23840
23841
23842
23846
23850
23866
23872
23875
23881
23883
23885
23894
23898
23899
23943
23970
24011
24014
24015
24018
24019
24020
24064
24065
24066
24067
24070
24073
24077
24085
24087
24090
24095
24101
24104
24121
24127
24128
24130
24131
24138
24149
24153
24174
24175
24176
24179
24184
24202
24211
24293
24401
24413
24433
24437
24440
24442
24458
24459
24464
24465
24467
24471
24472
24476
24477
24486
02452
24520
24521
24522
24526
02453
24538
24549
24550
24551
24562
24571
24574
24578
24581
24590
24901
25003
25009
25051
25071
25082
25112
25142
25143
25154
25169
25201
25202
25213
25239
25241
25244
25245
25248
25303
25311
25313
02532
25320
02534
02536
02538
25401
25403
25404
25405
25413
25414
25419
25420
25427
25428
25430
25432
25438
25442
25504
25510
25526
02553
25545
25559
25560
02557
02558
02559
02561
02562
25705
02571
02576
25817
25836
25839
25844
25849
25865
25906
25918
25920
25932
25989
26003
02601
26032
26038
26059
26060
26062
26070
26074
26104
26105
26150
26180
26181
26184
26187
26260
26271
02631
02632
26330
02638
26385
02639
26408
02641
02642
02643
02645
02646
02647
02649
26508
02651
26519
02652
26521
26525
02653
26542
26560
02657
26574
26588
26590
02660
26610
02663
02664
02666
02667
02670
02671
26719
02672
02673
02675
26753
27006
27009
27019
27021
27028
02703
27040
27041
27043
27045
27047
27050
27052
27103
27106
27109
02717
02718
02719
02720
27201
27205
27207
27214
27215
27231
27233
27242
27243
27244
27249
02725
27252
27253
27258
02726
27263
27265
27278
27283
27284
27295
27301
27302
27312
27313
27330
27349
27350
27357
27370
27371
27376
27377
27407
27409
02743
02745
27455
02747
27501
27510
27514
27516
27520
27522
27525
27526
27527
27529
27534
27541
27545
27559
27562
27565
27571
27574
27577
27581
27583
27591
27592
27596
27597
27603
27604
27605
27606
27609
27616
02762
27705
27707
27709
27713
02777
02780
27803
27804
27807
27808
27809
27814
27821
27825
27827
27829
27837
27842
27856
27858
27863
27865
27873
27878
27879
27880
27896
02790
27909
27917
27921
27926
27929
27941
27946
27947
27948
27950
27953
27954
27956
27958
27959
27964
27966
27973
27974
27976
27978
27979
27981
28006
28012
02802
28023
28025
28027
28032
28037
02804
28054
28056
28071
28072
28079
28080
28083
02809
28097
28103
28107
28109
28110
28112
28115
28120
28124
28125
28127
28129
28133
28134
28135
28137
28138
02814
28146
28147
02816
28163
28164
28166
28202
28204
28214
28215
28227
02826
28269
28273
02830
28303
28305
28306
02831
28311
28312
28314
02832
28327
02833
28342
28347
28348
28349
28350
28356
28374
02838
28387
02839
28391
28394
28395
02840
28405
02841
28411
28412
02842
28428
28429
28442
28443
28444
28445
28447
28450
28451
28452
28460
28461
28465
28467
28468
28469
28479
28511
28512
28516
28528
28532
28546
28553
28556
28557
28560
28562
28570
28571
28575
28577
02858
28582
28583
28584
02859
28590
28594
28601
28604
28605
28609
02861
28610
28613
28618
28625
28626
28629
28630
02864
28646
28652
28654
28657
28662
28671
28672
28673
28682
28697
28701
28704
02871
28711
28712
28715
28717
28718
28720
28721
28722
02873
28730
28731
28732
28736
28739
28742
28745
28746
28747
28757
28759
28763
28766
28773
28774
28775
02878
28782
28785
28787
28790
28791
28803
28804
28805
02881
02885
02886
02888
02889
02891
02893
29016
29020
02904
29045
29054
29061
29062
29070
29073
29074
29078
02910
02911
29118
29122
29126
29127
29130
02914
02915
29154
02916
29169
02917
29170
29175
02919
02920
29202
29205
29206
29208
29209
29212
29223
29225
29229
29301
29302
29307
29316
29322
29334
29338
29346
29349
29356
29365
29369
29374
29375
29376
29401
29407
29410
29412
29414
29418
29420
29429
29438
29439
29445
29446
29449
29450
29452
29456
29458
29461
29469
29470
29483
29485
29487
29501
29505
29526
29541
29550
29566
29575
29576
29577
29579
29582
29585
29588
29605
29607
29609
29613
29614
29615
29621
29625
29631
29635
29642
29643
29644
29645
29649
29650
29651
29662
29665
29669
29670
29672
29673
29676
29678
29680
29682
29685
29686
29687
29689
29690
29693
29696
29697
29704
29707
29710
29712
29714
29715
29732
29745
29803
29805
29809
29821
29838
29841
29844
29845
29847
29860
29902
29905
29906
29907
29909
29910
29920
30002
30008
30011
30012
30013
30014
30016
30017
30025
30028
30033
30034
30038
30039
30043
30044
30045
30046
30047
30052
30054
30055
30056
30058
30060
30071
30080
30082
30084
30087
30088
30094
30096
30102
30103
30105
30106
30107
30114
30116
30120
30121
30122
30124
30126
30127
30132
30134
30135
30137
30141
30143
30144
30145
30147
30148
30149
30157
30164
30170
30171
30173
30175
30177
30178
30179
30180
30183
30184
30185
30187
30188
30205
30206
30213
30216
30220
30224
30228
30233
30234
30236
30240
30248
30252
30253
30256
30257
30258
30259
30263
30265
30268
30273
30275
30276
30277
30281
30284
30289
30292
30294
30295
30296
30308
30312
30316
30317
30318
30324
30329
30331
30334
30336
30340
30341
30349
30360
03038
30415
30429
03043
03044
03047
03048
30501
30506
30512
30517
30518
30523
30527
30534
30537
30542
30543
30545
30547
30549
03055
30552
30554
30562
30564
30566
30567
30568
30571
30573
30575
30576
30581
03060
30606
30620
30621
30623
30625
30633
03064
30641
30642
30650
30655
30656
30663
30666
30680
30683
30707
30710
30720
30726
30736
30738
30739
30740
30750
30755
30756
03077
30802
30803
30805
30813
30815
03082
30903
30907
30909
31008
31011
31016
03102
31022
31024
31025
31028
31029
03103
31032
03104
31046
31049
31050
31052
03106
31064
31065
31069
31085
31088
03109
31097
31210
31216
31220
31302
31303
31307
31308
31309
31312
31314
31318
31320
31321
31326
31328
31329
31406
31410
31419
31512
31523
31525
31527
31546
31548
31552
31558
31569
31602
31606
31625
31632
31636
31638
31649
31699
31721
31733
31756
31763
31773
31787
31792
31795
31811
31822
31904
31909
32009
32011
32024
32033
32034
32040
32043
32044
32046
32053
32063
32065
32068
32073
32079
32080
32081
32084
32086
32095
32097
32118
32124
32127
32130
32131
32133
32136
32137
32141
03215
32159
03216
32162
32164
32168
32169
03217
32174
32176
03218
32180
32190
32195
03220
32204
32205
32207
03221
32210
32216
32217
32218
32219
03222
32220
32221
32222
32224
32225
32226
03223
32233
32244
32246
03225
32250
32256
32257
03227
32277
03230
32303
32308
03231
32311
32327
32333
03234
32347
03235
32350
32355
03237
03238
03240
32403
32404
32405
32407
32408
32409
32410
32413
03242
03243
32432
03244
32444
32446
03245
32456
03246
32503
32504
32507
32508
32509
03251
32514
32526
03253
32530
32533
32534
32536
32539
32542
32544
32547
32548
03255
32563
32565
32566
32568
32569
32570
32571
32577
32578
32579
03258
32580
32583
03259
03260
32605
32606
32607
32608
03261
32615
32616
32618
03262
32622
03263
32631
03264
32643
32653
32656
32658
03266
32664
32668
32669
03268
32681
03269
32694
32697
32701
32702
32703
32707
32709
32712
32713
32714
32720
32724
32725
32726
03273
32730
32732
32735
32736
32738
32744
03275
32750
32754
32757
32759
03276
32764
32765
32771
32773
32776
32778
03278
32780
03279
32792
32796
03280
32803
32804
32806
32810
32812
32817
03282
32820
32824
32825
32826
32828
32829
32830
32831
32833
32835
32837
03285
03287
32904
32907
32909
32920
32926
32927
03293
32931
32934
32937
32953
32955
32958
32960
32962
32966
32967
32968
32970
33001
03301
33015
33016
33018
33021
33024
33025
03303
33031
33032
33035
33037
33039
33040
33043
33050
33051
33060
33063
33064
33065
33070
33073
33132
33137
33138
33139
33141
33155
33157
33160
33162
33165
33166
33169
33170
33173
33175
33177
33178
33179
33181
33183
33184
33185
33186
33187
33189
33190
33193
33194
33196
33304
33309
33312
33315
33317
33321
33322
33324
33334
33351
33401
33403
33405
33406
33411
33413
33426
33428
33435
33436
33437
33442
33444
33445
33462
33463
33484
33487
33503
33510
33511
33521
33525
33527
33543
33544
33545
33549
33559
33565
33566
33567
33569
33570
33573
33576
33578
33579
33584
33594
33598
33611
33615
33616
33621
33624
33625
33635
33637
33702
33703
33704
33707
33708
33710
33713
33716
33756
33759
33761
33762
33763
33764
33765
33770
33772
33773
33774
33776
33777
33803
33809
33810
33811
33812
33823
33827
33830
33837
33848
33849
33860
33868
33884
33896
33897
33901
33904
33905
33908
33909
33914
33917
33919
33920
33922
33931
33946
33947
33948
33950
33953
33954
33955
33956
33966
33967
33971
33972
33973
33974
33981
33983
33990
33991
33993
34101
34104
34112
34113
34114
34116
34120
34135
34137
34138
34139
34141
34203
34209
34210
34215
34223
34224
34231
34232
34233
34235
34236
34239
34243
34251
34275
34285
34286
34288
34289
34291
34292
34293
03431
03440
03442
34429
34433
03444
03445
03446
03447
34471
34474
34476
03448
34480
34484
03450
03452
03455
03456
03457
34602
34604
34607
34609
03461
34610
34614
34638
34639
03464
03465
34654
34655
34661
34677
34681
34683
34684
34689
34695
34698
03470
34705
34711
34714
34715
34731
34734
34736
34737
34739
34744
34746
34753
34756
34758
34760
34761
34762
34769
34771
34772
34773
34788
34797
34945
34949
34953
34957
34974
34983
34984
34986
34994
34997
35004
35005
35006
35007
35013
35022
35023
35035
35036
35040
35046
35049
35051
35052
35054
35060
35062
35068
35071
35073
35074
35078
35079
35080
35085
35091
35094
35097
35111
35112
35114
35115
35116
35117
35118
35119
35120
35121
35124
35126
35127
35128
35131
35133
35135
35139
35143
35146
35151
35171
35172
35175
35176
35178
35180
35183
35184
35186
35188
35209
35210
35216
35222
35229
35235
35405
35444
35452
35453
35456
35457
35458
35463
35473
35474
35475
35480
35490
35503
35504
35592
35603
35610
35611
35613
35615
35619
35620
35621
35634
35640
35645
35647
35648
35649
35652
35661
35670
35671
35673
35739
03574
35747
35748
03575
35750
35754
35756
35759
35761
35769
35773
35775
03580
35803
35806
35808
03581
35811
03583
03584
03585
03586
03588
35896
35905
35906
35907
03593
03595
35953
35976
03598
03601
03602
36020
36022
36024
36025
36026
36029
03603
36036
03604
36043
36046
03605
36051
36054
36066
36067
36069
03607
36078
03608
36080
03609
36092
36106
36109
36111
36115
36116
36117
36203
36207
36250
36268
36271
36278
36279
36303
36305
36322
36330
36350
36351
36352
36353
36362
36371
36374
36420
36470
36505
36507
36511
36521
36525
36526
36528
36529
36532
36535
36539
36541
36542
36548
36550
36551
36555
36559
36564
36567
36571
36572
36574
36575
36576
36578
36579
36581
36584
36587
36608
36619
36693
36695
36792
36830
36853
36861
36865
36870
36874
36877
36879
37010
37013
37015
37019
37022
37029
37030
37031
37032
37034
37035
37037
37043
37048
37051
37052
37060
37062
37066
37072
37073
37075
37076
37080
37082
37085
37086
37087
37090
37118
37122
37127
37128
37129
37134
37137
37138
37140
37142
37143
37144
37146
37148
37153
37165
37167
37171
37172
37174
37180
37181
37184
37188
37189
37191
37201
37211
37212
37214
37219
37302
37308
37309
37310
37312
37330
37334
37336
37340
37341
37343
37347
37351
37353
37360
37363
37370
37373
37375
37376
37379
37394
37396
03740
37405
37409
03741
37415
37416
37419
37421
03748
03751
03752
37615
37617
37645
37656
37659
03766
37663
37664
37682
37686
37692
37705
03771
37716
37721
37725
03773
37737
37742
37754
37763
37764
03777
37774
37777
03779
37803
37804
37814
03782
37826
37828
37830
03784
37849
37853
37865
37877
37878
37882
37885
37886
37909
37918
37923
37924
37931
37932
37938
38004
38006
03801
38011
38015
38016
38023
38036
38046
38049
38053
38054
38057
38058
38060
38066
38068
38076
38079
03809
03810
38104
03812
38120
38125
03813
38132
38133
38134
38135
38141
38152
03816
03817
03818
03820
38222
03825
38253
03830
38305
38311
03832
38328
38344
03835
38355
03836
38362
03837
03838
03839
38401
03842
03845
38451
38453
38459
03846
03847
38476
38477
03848
03849
03850
03851
03852
03853
38547
03855
38552
38558
38560
38563
38567
38569
03857
03858
03860
38630
38632
38637
38641
38651
38654
38655
03867
38671
38672
03868
38680
03869
03872
38720
38730
03874
03875
38767
38769
03878
38801
38804
03882
38826
03883
03886
38866
03887
38876
03894
38949
03901
03904
39041
39042
39047
03905
39056
03906
03907
39071
39073
03908
03909
03910
03911
39145
39154
39156
39157
39162
39167
39170
39180
39183
39191
39208
39216
39218
39232
39272
39305
39309
39320
39325
39342
39402
39426
39452
39465
39475
39480
39482
39503
39507
39525
39531
39532
39553
39556
39560
39561
39562
39564
39565
39571
39573
39574
39577
39581
39630
39647
39653
39662
39666
39705
39736
39740
39762
39766
39769
39834
39845
39885
40003
40004
40006
40008
04001
40011
40012
40013
04002
40020
04003
40031
40040
40045
40046
40047
40048
04005
40055
40056
40057
04006
40063
40065
40068
40069
40071
40075
40076
40077
04008
04010
40107
04011
40110
04015
40150
40160
40162
40165
40175
40204
40205
40206
04022
40220
40228
40229
04024
40242
40243
40258
04027
04029
40291
40299
04030
40310
04032
40324
40330
40342
40347
40356
40370
40372
40379
04038
40383
04039
40390
40391
04040
04042
40422
04046
40461
40475
04048
04049
40503
04051
40511
04055
04056
40601
04061
04062
04066
04069
04071
40729
40744
04076
04079
04084
04085
04086
04087
04088
04090
04091
04092
04093
04095
41001
41005
41006
41007
41008
41011
41015
41016
41018
04102
04103
41030
41033
41034
41035
41042
41051
41052
41055
41059
04106
41062
41063
41071
41076
41080
41085
41092
41094
41098
41099
41101
41102
41168
41169
41183
41503
41527
41719
41721
41727
41745
41754
42001
42024
42025
42027
42029
42037
42039
42040
42049
42051
42053
42060
42061
42069
42079
42086
42087
04210
42103
42104
42123
42156
42159
42170
04220
42211
42215
04222
42223
42232
42236
42254
42266
42303
42322
42327
42356
04236
42366
42376
42378
04238
42404
42406
42413
42436
42441
42451
42452
42458
42462
42463
04250
42503
04253
04256
04258
04259
04260
42602
04263
04265
04267
04268
42701
42724
42732
04274
42740
42776
42784
42788
04280
04282
04284
04287
43001
43003
43009
43010
43011
43013
43015
43019
43022
43025
43026
43028
43030
43031
43032
43033
43036
43040
43044
43056
43060
43062
43064
43066
43067
43068
43070
43071
43072
43074
43076
43078
43080
43081
43084
43101
43102
43103
43105
43106
43107
43110
43115
43116
43119
43123
43125
43126
43130
43135
43136
43137
43140
43143
43145
43148
43150
43151
43153
43154
43155
43156
43157
43162
43164
43212
43214
43215
43230
43310
43314
43317
43318
43319
43323
43324
43330
43333
43334
43336
43337
43340
43342
43343
43344
43345
43347
43351
43356
43357
43358
43359
43360
43402
43406
43407
43408
43410
43412
43413
43416
04342
04343
43430
43431
43432
43434
43435
43437
04344
43440
43442
43443
43445
43447
43449
04345
43450
43451
43452
43457
43458
04346
43460
43462
43463
43464
43466
43468
43469
04349
04350
43502
43505
43506
04351
43511
43512
43515
43517
43518
43519
04352
43521
43522
43523
43527
43528
43529
43532
43533
43534
43535
43536
43537
43540
43541
43545
43547
43548
43549
04355
43551
43553
43555
43556
43557
43558
43565
43567
43569
04357
04358
04359
04360
43606
43614
43615
43616
43619
43623
04363
04364
43720
43721
43727
43732
43734
43738
43739
43740
43746
43760
43762
43767
43768
43804
43821
43822
43824
43830
43842
43905
43926
43928
43939
43950
43953
43961
43972
43988
44001
04401
44010
44017
44021
44024
44026
44028
44039
44044
44046
44047
44048
44049
44050
44053
44054
44056
44057
44060
44062
44064
44065
44067
44070
44074
44076
44077
04408
44080
44081
44082
44084
44085
44086
44087
44089
44090
44092
44094
44095
44099
44107
44118
04412
44120
44121
44126
44129
44130
44131
44133
44134
44138
44142
44201
04421
44212
44214
44215
44216
44217
44223
44224
44230
44231
44234
44235
44240
44241
44251
44253
44254
44255
44256
44260
44262
44265
44266
44270
44272
44273
44275
44276
44278
04428
44281
44285
44287
04429
44303
04431
44312
44313
44319
04434
44401
44402
44404
44408
44410
44412
44417
44418
44420
44429
44431
44436
44437
44440
44441
44442
44443
44444
44445
44450
44451
44452
44454
44455
44470
44473
44481
44484
44490
04450
44512
44514
44515
04456
44606
44608
44610
44611
44612
44613
44614
44618
44620
44626
44627
44628
44632
44633
44634
44638
44640
44641
44643
44644
44645
44646
44647
44652
44654
44656
44659
44661
44666
44667
44669
44670
44671
44676
44677
44678
44680
44681
44682
44685
44688
44691
44697
44708
44709
04472
44720
44721
04473
04474
04476
44802
44804
44805
44809
44811
44813
44814
44815
44816
44817
44818
44822
44824
44825
44826
44828
44836
44837
44838
44839
44840
44841
44843
44844
44846
44847
44849
44851
44853
44854
44855
44856
44857
44859
44861
44864
44866
44867
44874
44875
44878
04488
44880
44881
44882
44883
44887
44889
44901
44904
04493
04496
45001
45002
45005
45011
45013
45014
45030
45032
45034
45036
45041
45042
45044
45050
45051
45054
45062
45064
45065
45067
45068
45070
45102
45103
45106
45107
45112
45113
45118
45120
45122
45130
45132
45135
45142
45145
45146
45148
45150
45152
45153
45154
45156
45157
45158
45160
45162
45164
45166
45168
45171
45176
45177
45202
45209
45213
45215
45218
45227
45231
45236
45238
45239
45240
45245
45246
45247
45248
45251
04530
45301
45302
45303
45304
45306
45308
45309
45310
45312
45314
45315
45316
45317
45318
45319
45320
45322
45323
45325
45326
45327
45328
45330
45332
45333
45334
45335
45336
45337
45338
45339
45340
45342
45344
45345
45346
45347
45348
45349
04535
45350
45351
45352
45353
45354
45358
45359
45360
45361
45362
45363
45365
45368
45369
04537
45371
45372
45373
45377
45378
04538
45380
45381
45383
45385
45387
45388
45389
04539
04541
45414
45415
45424
45429
04543
45430
45431
45432
45433
45439
04544
45440
45459
04547
04548
45502
45504
04551
04553
04554
04555
04556
04558
45614
45617
04562
45620
45628
04563
04564
45644
45652
45678
04568
45681
45696
04570
04571
04572
45724
45729
04573
04574
45742
04575
45750
04576
45766
04578
45784
45788
04579
45805
45806
45807
45808
45809
45812
45814
45816
45817
45819
45820
45821
45822
45826
45827
45828
45830
45831
45832
45833
45835
45836
45840
45841
45843
45844
45845
45846
45850
45851
45853
45854
45855
45856
45858
45859
45860
45862
45863
45864
45865
45866
45867
45868
45869
45870
45871
45875
45876
45877
45880
45881
45882
45883
45884
45885
45886
45887
45888
45889
45890
45895
45896
45897
46011
46017
46030
46031
46034
46035
46039
46044
46045
46047
46048
46049
04605
46050
46051
46052
46056
46057
46058
46060
46063
46065
46068
46069
04607
46070
46071
46072
46076
04609
46103
46104
46105
46106
46111
46113
46115
46117
46118
46120
46121
46122
46124
46125
46127
46128
04613
46130
46131
46133
46135
04614
46140
46142
46143
46144
46146
46147
46148
46149
46150
46151
46155
46156
46157
46158
04616
46160
46161
46162
46163
46164
46165
46166
46167
46168
04617
46171
46172
46175
46176
46180
46181
46182
46183
46184
46186
46202
46204
46208
46214
46216
46217
46220
46228
46229
46231
46234
46237
46239
04624
46240
46250
46254
46260
46268
04629
46303
46304
46307
46310
46319
46322
46340
46341
46342
46345
46346
46347
46348
46349
46350
46356
46365
46368
46371
46375
46376
46377
46379
46381
46382
46383
46385
46390
46391
46392
46393
46394
04640
46410
04642
04644
04645
46502
46504
46506
46507
46508
46510
46511
46514
46517
46524
46526
46528
46536
46537
46538
46540
46542
46543
46550
46552
46553
46554
46555
46556
46561
46562
46563
46565
46567
46571
46573
46574
46580
46582
46590
46595
04660
46614
46617
04662
46635
46637
04669
46701
46702
46703
46704
46705
46706
46710
46714
46723
46725
04673
46731
46732
46733
46737
46738
46740
46741
46742
46743
46745
46747
46748
04675
46759
04676
46760
46761
46763
46764
46766
46770
46773
46774
46776
46777
46779
46781
46783
46784
46785
46786
46787
46788
46791
46792
46794
46795
46797
46798
46799
46815
46818
46819
46825
46835
04684
46902
46911
46913
46915
46917
46919
46920
46923
46929
04693
46931
46932
46936
46940
46941
46943
46946
46950
46951
46952
46957
46960
46961
46967
46974
46978
46979
46982
46985
46986
46987
46988
46989
46990
46991
46994
46998
47001
47006
47010
47012
47016
47017
47018
47020
47022
47023
47025
47030
47031
47032
47035
47036
47038
47040
47041
47060
47104
47106
47110
47111
47112
47114
47115
47117
47122
47124
47126
47130
47135
47136
47137
47141
47142
47143
47147
47150
47160
47161
47162
47163
47164
47166
47172
47177
47201
47203
47220
47224
47226
47231
47232
47234
47235
47240
47244
47246
47247
47250
47260
47263
47272
47274
47281
47283
47304
47320
47324
47326
47330
47334
47338
47339
47341
47342
47344
47345
47346
47351
47354
47356
47357
47358
47360
47361
47367
47368
47381
47383
47384
47386
47388
47393
47396
47401
47420
47424
47427
47429
47433
47434
47443
47448
47449
47451
47455
47456
47457
47458
47459
47462
47464
47467
47468
47501
47514
47515
47516
47519
47523
47524
47525
47527
47531
47532
47536
47541
47542
47546
47550
47551
47552
47553
47557
47558
47561
47562
47568
04757
47574
47575
47576
47577
47579
47581
47588
47597
47601
47610
47613
47615
47619
47620
47631
47634
47635
47639
47640
47648
47649
47665
47666
47711
47712
47715
47720
47802
47803
47805
47832
47833
47836
47837
47840
47841
47846
47847
47849
47850
47854
47858
47859
47861
47863
47866
47868
47869
47871
47874
47876
47880
47881
47882
47884
47905
47909
47916
47917
47920
47923
47924
47926
47929
47930
47933
47940
47941
47943
47944
47946
47951
47955
47959
47960
47963
47964
47965
47966
47967
47970
47971
47975
47977
47978
47980
47981
47982
47983
47989
47990
47991
47992
47993
47994
47995
47997
48001
48002
48003
48005
48006
48014
48017
48022
48023
48026
48027
48032
48033
48034
48035
48036
48038
48039
48040
48041
48044
48045
48047
48048
48049
48050
48051
48054
48059
48062
48063
48064
48065
48067
48071
48072
48073
48074
48075
48076
48079
48080
48081
48082
48083
48088
48092
48093
48097
48101
48104
48108
48111
48117
48118
48124
48125
48127
48131
48133
48134
48135
48137
48139
48140
48145
48150
48152
48154
48157
48158
48159
48161
48162
48164
48165
48166
48173
48174
48177
48178
48179
48182
48183
48186
48189
48190
48191
48192
48193
48195
48197
48220
48225
48237
48239
48240
48310
48312
48313
48314
48317
48320
48326
48327
48328
48329
48336
48346
48353
48356
48357
48359
48371
48377
48386
48390
48393
48412
48413
48414
48415
48417
48418
48420
48421
48422
48423
04843
48430
48433
48435
48436
48439
48440
48442
48444
48446
48451
48455
48457
48461
48462
48463
48468
04847
48473
04848
04849
48509
04851
48519
04852
04853
48532
04854
48554
04856
04858
48603
48609
04861
48611
48615
48616
04862
48623
48626
48628
04863
48631
48634
48637
48638
04864
48640
48642
48650
48655
48657
48662
48706
48722
48725
48727
48729
48730
48731
48732
48734
48746
48747
48757
48808
48813
48815
48816
48819
48820
48821
48822
48827
48831
48835
48836
48837
48840
48841
48842
48843
48847
48848
48851
48853
48854
48855
48856
48857
48861
48866
48871
48872
48873
48874
48875
48876
48878
48879
48881
48883
48890
48892
48893
48894
48896
48917
49002
49004
49009
49011
49015
49017
49021
49024
49029
49031
49032
49033
49034
49038
49046
49050
49051
49052
49053
49058
49060
49061
49065
49067
49068
49070
49071
49076
49078
49079
49080
49084
49085
49087
49088
49090
49095
49096
49097
49099
04910
49101
49102
49103
49106
49107
49111
49112
49113
49115
49116
49117
49119
49125
49127
49128
49129
49130
04917
04918
49220
49228
49230
49233
49234
49235
49236
49237
49238
49240
49241
49246
49248
49249
49251
49253
49259
04926
49261
49262
49263
49264
49265
49267
49268
49269
49270
49272
49276
49277
49279
49282
49283
49284
49285
49286
49287
49289
49303
49310
49315
49316
49318
49319
04932
49320
49321
49322
49323
49325
49326
49327
49328
49330
49331
49333
49335
49337
49339
49341
49342
49343
49344
49345
49347
49348
04937
49403
49404
49406
49408
49412
49415
49417
49418
49419
49424
49425
49426
49428
49434
49435
04944
49441
49445
49448
49449
49451
49453
49456
49457
49460
49461
49464
04950
49506
49508
49512
49519
49525
49534
04957
49612
49615
49616
49619
04962
49621
49622
49626
49629
04963
49630
49634
49635
49636
49637
04964
49640
49649
49653
49654
49664
49666
49675
49682
49684
49686
04969
49690
04970
49706
49712
49713
49716
49717
49719
49720
49722
49727
49730
49733
49735
49740
49749
04975
49757
49764
49770
49777
49782
49791
49796
49801
49808
49815
49818
49819
49831
49833
49834
49837
49841
49852
49853
49855
49866
49871
49877
49881
49885
04989
49891
49892
49893
49916
49917
49921
49922
49952
49961
50001
50002
50003
50005
50006
50007
50009
05001
50010
50014
50021
50023
50025
50026
50027
50028
50029
50032
50033
50034
50035
50036
50041
50044
50046
50047
50048
50051
50054
50055
50056
50057
50062
50063
50065
50066
50068
50070
50071
50072
50073
50075
50076
50078
50101
50102
50103
50106
50109
50112
50115
50116
50117
50118
50119
50120
50122
50124
50125
50127
50128
50129
50130
50132
50133
50134
50135
50138
50139
50141
50142
50143
50146
50148
50149
50151
50153
50154
50155
50156
50157
50158
50160
50161
50162
50163
50164
50166
50168
50169
50170
50171
50173
50201
50206
50207
50210
50212
50213
50214
50216
50217
50218
50219
50222
50223
50225
50227
50228
50229
50230
50231
50232
50233
50234
50236
50237
50239
50240
50242
50243
50244
50247
50248
50249
50250
50251
50252
50254
50256
50257
50258
50262
50264
50271
50273
50275
50276
50277
50278
50309
05031
50310
50312
50313
05032
50320
50322
50324
50327
05033
05034
05035
05036
05037
05038
05039
05040
50401
05041
05042
50420
50424
50426
50428
05043
50431
50433
50434
50438
50439
50444
50446
50448
50449
05045
50450
50451
50452
50456
50457
50458
05046
50464
50466
50467
50468
50469
50471
50472
50475
50477
50479
05048
50480
50482
50483
05050
05051
50511
50514
50516
50518
50519
05052
50521
50522
50524
50525
50528
50529
05053
50530
50531
50532
50535
50536
50538
50540
50542
50545
50548
50556
50557
50558
50559
05056
50560
50563
50567
50568
50569
50570
50571
50577
50578
05058
50586
50590
50591
50593
50594
50595
50597
50598
50599
05060
50601
50602
50603
50604
50607
50609
05061
50612
50613
50619
05062
50621
50622
50624
50626
50627
50628
50629
50632
50633
50634
50635
50636
50638
50641
50642
50643
50644
50645
50647
50648
05065
50650
50651
50652
50653
50654
50655
50660
50664
50665
50666
50667
50668
50669
05067
50670
50671
50672
50673
50674
50675
50676
50677
50680
50681
50682
05069
05070
50701
05072
05075
05076
05077
05079
05081
05083
50837
50839
05084
50842
50847
50848
50854
50858
50859
05086
50860
50861
05089
51002
51003
51004
51005
51007
51008
51009
05101
51011
51014
51016
51018
51019
51020
51022
51025
51026
51028
51029
51030
51031
51035
51036
51037
51039
51041
51044
51046
51047
51048
51050
51052
51053
51054
51055
51056
51058
51060
51061
51063
51104
51106
51108
51201
51230
51231
51232
51234
51235
51238
51239
51240
51241
51242
51244
51245
51246
51248
51249
51250
51301
51331
51333
51334
51338
51341
51343
51345
51346
51347
51350
51351
51354
51355
51357
51358
51363
51364
51365
51366
51401
05141
05142
05143
51430
51433
51436
51439
51441
51443
51444
51446
51448
51450
51451
51453
51454
51455
51458
51459
05146
51461
51463
51465
51466
51467
05148
05149
51503
05151
51510
05152
51520
51521
51523
51525
51526
51527
51528
51529
05153
51530
51531
51532
51533
51534
51535
51536
05154
51540
51541
51542
51543
51544
51545
51546
51548
51549
05155
51550
51551
51553
51554
51555
51556
51558
51559
05156
51560
51561
51562
51563
51564
51565
51570
51571
51572
51575
51576
51577
51578
51579
05158
05161
51630
51631
51636
51637
51638
51639
51645
51646
51647
51648
51649
51650
51652
51653
51654
51656
52002
52003
05201
52030
52031
52032
52033
52037
52038
52039
52040
52041
52043
52045
52046
52047
52049
52050
52053
52054
52064
52065
52069
52070
52072
52073
52074
52078
52079
52101
52132
52133
52134
52140
52144
52147
52154
52157
52158
52160
52161
52162
52164
52165
52166
52168
52171
52201
52202
52203
52205
52206
52207
52209
52210
52211
52212
52213
52214
52215
52216
52217
52218
52219
52220
52221
52222
52223
52224
52225
52227
52228
52229
52231
52232
52233
52235
52236
52237
52240
52241
52245
52246
52247
52248
52249
52251
52253
52254
52255
52257
52301
52302
52305
52306
52307
52308
52309
52310
52312
52313
52314
52315
52316
52317
52318
52320
52321
52322
52325
52326
52327
52329
52330
52332
52334
52336
52337
52340
52345
52346
52347
52348
52349
52351
52352
52353
52354
52356
52358
52359
52361
52402
52403
52404
52405
05250
05252
52530
52533
52534
52536
52537
05254
52540
52543
52548
05255
52552
52553
52554
52556
52557
52561
52566
52567
05257
52580
52586
05260
05261
52619
05262
52621
52623
52624
52625
52627
52630
52635
52637
52638
52640
52641
52644
52645
52646
52647
52649
52650
52653
52654
52655
52656
52657
52658
52659
52660
52701
52720
52721
52726
52727
52728
52729
52730
52731
52737
52738
52739
52742
52745
52746
52747
52748
52749
52750
52751
52754
52755
52756
52757
52760
52761
52765
52766
52769
52772
52773
52774
52776
52777
52778
52806
53001
53002
53003
53004
53006
53007
05301
53010
53011
53013
53014
53015
53016
53019
53020
53021
53023
53027
53031
53032
53034
53035
53036
53037
53038
53039
53040
53042
53047
53048
53049
53050
53051
53057
53059
53061
53063
53065
53070
53073
53074
53075
53078
53079
53080
53083
53085
53086
53088
53090
53091
53093
53094
53095
53098
53103
53104
53105
53114
53115
53120
53121
53128
53129
53130
53137
53139
53142
53143
53144
53147
53154
53156
53167
53168
53170
53172
53177
53178
53179
53181
53182
53185
53186
53188
53190
53192
53195
53202
53203
53207
53211
53213
53219
53220
53221
53222
53224
53226
53228
53235
05340
53402
53405
53406
05341
05342
05343
05345
05346
05350
53501
53502
53503
53504
53505
53507
53508
53510
53515
53516
05352
53520
53521
53522
53523
53525
53526
05353
53530
53531
53532
53533
53534
53536
53537
53538
05354
53540
53541
53544
53545
53546
53548
53549
05355
53550
53551
53553
53554
53555
53556
53557
53559
05356
53560
53561
53563
53565
53566
53570
53571
53572
53574
53576
53577
53578
53579
05358
53580
53582
53583
53585
53587
53588
53589
05359
53590
53594
53598
53599
05360
05361
05362
05363
53702
53704
53705
53711
53713
53714
53716
53718
53719
53726
53802
53806
53807
53808
53809
53810
53811
53820
53825
53901
53911
53913
53916
53919
53920
53922
53923
53925
53926
53928
53929
53930
53931
53932
53933
53935
53937
53939
53941
53943
53944
53946
53947
53950
53951
53953
53954
53955
53956
53959
53960
53961
53963
53965
53968
53969
54001
54002
54003
54004
54006
54007
54009
05401
54010
54011
54013
54014
54015
54017
54020
54022
54023
54024
54025
54026
54027
54028
05403
05404
05408
54101
54106
54107
54110
54111
54113
54115
54123
54126
54127
54129
54130
54136
54137
54139
54140
54141
54154
54157
54159
54160
54162
54165
54166
54170
54171
54173
54180
54202
54204
54205
54207
54208
54209
54210
54211
54212
54213
54214
54216
54217
54220
54227
54228
54229
54230
54232
54234
54235
54241
54245
54246
54247
54304
54311
05439
05440
54401
54403
54406
54407
54408
05441
54410
54411
54412
54413
54414
54417
54418
05442
54420
54423
54424
54426
54427
05443
54430
54435
05444
54440
54441
54442
54443
54446
54448
54449
54452
54454
54455
54457
54458
05446
54463
54466
54467
54471
54473
54474
54475
54476
54479
05448
54482
54484
54487
54488
54489
54491
54494
05450
54501
54512
54513
54519
05452
54521
54524
54529
54531
54538
54539
05454
54545
54548
05455
54557
54558
05456
54560
54561
54564
54568
05457
05458
05459
54601
54610
54614
54618
54619
05462
54621
54622
54623
54624
54625
54627
54629
05463
54630
54632
54635
54636
54637
54638
05464
54642
54644
54646
54648
54650
54652
54653
54656
54657
54658
54659
54660
54661
54666
54667
54669
54670
05468
54701
54703
05472
54720
54721
54722
54723
54724
54726
54727
54729
05473
54730
54732
54733
54737
54738
54739
05474
54740
54742
54745
54748
54749
54750
54756
54758
54759
54761
54767
54768
54769
05477
54770
54771
05478
54805
54810
54820
54822
54824
54826
05483
54836
54838
54839
54842
54849
05485
54853
54854
54856
54858
05486
54864
05487
54871
54873
54874
05488
54889
54891
54902
54904
54909
05491
54911
54914
54915
05492
54921
54922
54928
54932
54934
54935
54937
54940
54941
54944
54945
54946
54947
54949
54950
54952
54956
54961
54963
54964
54965
54967
54968
54971
54974
54977
54979
54980
54981
54983
54985
54986
55005
55006
55008
55009
55011
55012
55013
55017
55019
55021
55024
55025
55026
55027
55029
55030
55031
55032
55033
55036
55040
55041
55045
55046
55049
55052
55053
55055
55056
55057
55060
55063
55066
55069
55070
55071
55074
55075
55076
55079
55080
55084
55087
55088
55089
55092
55101
55102
55104
55107
55108
55109
55112
55113
55116
55118
55119
55121
55128
55302
55303
55307
55308
55309
55310
55312
55313
55314
55320
55321
55324
55325
55329
55330
55332
55333
55334
55335
55336
55337
55338
55339
55342
55343
55349
55350
55353
55354
55355
55358
55360
55362
55363
55366
55367
55368
55370
55371
55373
55379
55381
55382
55385
55388
55389
55390
55395
55396
55397
55398
55402
55403
55405
55406
55407
55408
55409
55413
55415
55417
55418
55420
55421
55422
55423
55425
55426
55427
55428
55429
55430
55431
55432
55433
55434
55435
55437
55443
55444
55445
55448
55601
55602
55603
55604
55605
55606
55607
55609
55612
55613
55614
55615
55616
55703
55707
55710
55713
55717
55718
55720
55721
55723
55724
55725
55732
55733
55738
55742
55744
55749
55751
55758
55763
55766
55767
55771
55772
55779
55781
55782
55784
55790
55793
55797
55803
55804
55810
55811
55812
55814
55901
55904
55909
55910
55912
55917
55918
55919
55920
55921
55922
55923
55924
55925
55926
55927
55929
55931
55932
55933
55934
55935
55936
55939
55940
55941
55943
55944
55945
55946
55947
55949
55950
55951
55952
55953
55954
55956
55957
55959
55961
55962
55963
55964
55965
55967
55968
55969
55970
55971
55972
55973
55974
55975
55976
55977
55979
55981
55982
55983
55985
55990
55991
55992
56001
56003
56009
56010
56011
56016
56017
05602
56020
56021
56022
56023
56024
56025
56026
56028
56029
56031
56032
56034
56035
56036
56037
56039
56041
56042
56043
56044
56045
56046
56047
56048
56050
56052
56054
56055
56056
56057
56058
56060
56062
56063
56065
56068
56069
56071
56072
56073
56074
56075
56078
56080
56082
56085
56087
56088
56089
56090
56091
56093
56096
56098
56101
56110
56111
56113
56115
56116
56117
56119
56120
56121
56122
56123
56127
56129
56131
56132
56134
56136
56137
56139
56140
56141
56142
56143
56147
56149
56150
56151
56153
56155
56156
56157
56160
56161
56162
56165
56167
56168
56169
56170
56171
56176
56177
56180
56181
56185
56186
56201
56207
56209
56210
56211
56212
56214
56216
56218
56220
56221
56223
56224
56225
56226
56227
56228
56229
56231
56232
56235
56237
56239
56240
56241
56243
56244
56245
56249
56251
56253
56255
56256
56257
56258
56260
56262
56263
56264
56266
56267
56270
56273
56276
56280
56281
56282
56283
56284
56285
56287
56288
56289
56291
56292
56293
56294
56295
56296
56297
56301
56303
56307
56308
56309
56310
56312
56313
56314
56315
56316
56318
56319
56320
56323
56324
56326
56327
56328
56329
56330
56331
56332
56334
56335
56336
56338
56340
56343
56352
56353
56354
56355
56356
56357
56358
56360
56362
56363
56364
56367
56368
56371
56373
56374
56375
56376
56377
56378
56379
56381
56382
56384
56385
56389
05640
05641
56425
56433
56436
56442
56443
56444
56449
56455
56456
56458
56461
56465
56466
56467
56468
05647
56470
56472
56473
56475
05648
56484
05649
05650
56501
05651
56510
56511
56514
56515
56517
56519
05652
56521
56522
56523
56525
56528
56529
05653
56531
56533
56534
56536
56537
05654
56540
56543
56544
56546
56547
56549
05655
56552
56553
56554
56560
56565
56568
05657
56570
56572
56578
56579
05658
56580
56583
56585
56586
56587
56590
56593
56594
05660
56601
05661
05663
05664
56647
56653
56657
56663
56668
56669
05667
56673
56678
56683
56686
56687
05669
56710
56711
56713
56714
05672
56720
56721
56722
56723
56724
56725
56728
05673
56731
56733
56736
56737
56738
56741
05675
56751
56754
56755
56756
56757
56758
05676
56760
56762
56763
05677
05678
05679
05680
05681
05682
57001
57002
57003
57004
57005
05701
57010
57012
57013
57014
57015
57016
57017
57018
57020
57022
57024
57025
57027
57028
57031
57033
57034
57035
57037
57039
57040
57041
57043
57046
57047
57048
57050
57051
57052
57053
57054
57055
57057
57058
57059
57061
57064
57065
57067
57071
57072
57073
57075
57076
57077
57103
57105
57106
57107
57110
57197
57201
57212
57213
57214
57217
57218
57220
57221
57223
57225
57227
57232
57233
57234
57235
57236
57237
57238
57241
57242
57243
57245
57246
57247
57248
57249
57256
57257
57258
57259
57263
57264
57265
57266
57268
57269
57270
57271
57272
57276
57278
57279
05730
57301
57311
57312
57319
05732
57321
57322
57323
57324
57328
05733
57331
57332
57334
57337
05734
57340
57344
57345
57346
57348
57349
05735
57358
05736
57363
57364
57366
57368
57369
05737
57371
57374
57375
57376
57379
05738
57381
57382
57383
57384
57386
05739
05740
05742
57420
57421
57424
57426
57427
57428
57429
05743
57430
57432
57433
57434
57435
57436
57438
57439
05744
57440
57441
57445
57446
57449
57451
57454
57460
57461
57465
57466
57467
57469
05747
57470
57471
57472
57473
57474
57476
57477
57479
05748
57481
57501
05751
57520
57522
57528
05753
57531
57532
57534
57536
57537
57540
57541
57552
57553
57559
57562
57564
57567
05757
57574
05758
57584
05759
05760
57601
05761
05762
57620
05763
57630
57636
05764
57640
57649
05765
57652
57656
05766
57661
05769
05770
57703
57714
57718
57719
05772
57725
05773
57732
57738
05774
57741
57744
57745
05775
05776
57761
57769
05777
57773
57775
57779
05778
57780
57783
57790
57793
57799
58001
58002
58004
58005
58006
58007
58008
58009
58011
58012
58013
58015
58016
58017
58018
58029
58030
58031
58032
58033
58035
58036
58038
58040
58041
58043
58046
58048
58049
58053
58056
58057
58060
58061
58062
58063
58064
58065
58067
58069
58071
58072
58075
58076
58077
58078
58079
58081
58102
58103
58105
58201
58204
58205
05821
58210
58214
58216
58218
58219
58220
58223
58227
58228
58229
58230
58231
58233
58235
58238
58239
58240
58243
58244
58250
58251
58256
58257
58258
58260
58261
58265
58266
58267
58269
58270
58271
58273
58274
58275
58276
58277
58278
05828
58281
05829
58311
58321
58323
58325
58327
58330
58338
58345
58352
58355
58362
58372
58377
58382
05839
58401
58402
05841
58415
58420
58421
58424
58426
58429
58431
58433
58441
58443
58445
58454
58455
58456
58458
58461
58464
58466
58467
58472
58476
58477
58479
58480
58481
58490
58492
58494
58496
58497
05850
58501
58504
58520
58521
58523
58529
58530
58531
58532
58533
58535
58540
58541
58545
58554
58558
58559
58560
58563
58564
58565
58566
58569
58570
58571
58572
58575
58576
58577
58579
58580
58601
05862
58620
58622
58625
58626
58627
58630
58631
58636
58638
58640
58641
58642
58643
58645
58647
58650
58651
58656
58701
58703
58704
58705
58707
58711
58716
58718
58721
58722
58725
58727
05873
58730
58731
58733
58734
58735
58737
58740
58746
58748
58750
58752
58755
58756
58759
58760
58761
58762
58765
58768
58769
58770
58771
58772
58773
58775
58776
58778
58779
58781
58782
58783
58784
58785
58787
58793
58794
58795
58801
58830
58831
58833
58838
58843
58844
58845
58849
58852
58853
58854
58856
59001
59007
59008
59013
59015
59018
59019
59020
59026
59027
59028
59030
59037
59041
59044
59052
59057
59061
59063
59065
59067
59068
59069
59070
59071
59079
59081
59082
59086
59102
59105
59211
59212
59214
59215
59217
59218
59219
59223
59225
59226
59231
59240
59241
59242
59243
59244
59247
59248
59250
59252
59254
59256
59257
59258
59259
59260
59261
59262
59274
59313
59315
59323
59330
59333
59336
59338
59339
59344
59353
59354
59404
59411
59412
59418
59420
59421
59424
59427
59430
59434
59436
59440
59441
59442
59443
59451
59454
59463
59464
59465
59466
59471
59472
59477
59480
59482
59483
59484
59485
59487
59489
59501
59525
59528
59530
59532
59537
59538
59540
59544
59546
59601
59602
59631
59632
59633
59635
59636
59638
59640
59643
59647
59648
59703
59714
59715
59716
59718
59727
59730
59732
59735
59740
59741
59743
59745
59746
59747
59748
59750
59751
59754
59756
59758
59802
59803
59804
59808
59820
59823
59825
59826
59828
59829
59833
59834
59841
59846
59851
59868
59870
59901
59911
59912
59920
59922
59925
59929
59931
59932
59937
60007
60008
60016
60018
60020
60033
60034
60041
60042
60050
60051
60053
60056
60070
60071
60072
60073
60077
60084
60087
60088
60090
60096
60097
60098
60099
06010
60101
60104
60106
60107
60110
60111
60112
60113
60120
60123
60129
60130
60131
60133
60135
60139
60141
60144
60145
60146
60148
60150
60151
60152
60153
60154
60155
06016
60162
60163
60164
60165
60169
60171
60173
60176
60178
06018
60180
60181
60191
60193
60195
06024
60301
06040
60401
60402
60403
60407
60408
60411
60415
60416
60417
60419
06042
60420
60421
60424
60425
60428
60429
60430
60431
60435
60437
60438
60440
60441
60443
60444
60445
60446
60450
60452
60453
60455
60457
60458
60459
60460
60465
60466
60468
60470
60471
60473
60474
60475
60476
60477
60478
60479
60481
60482
60484
60501
60504
60506
60511
60513
60518
06052
60520
60530
60531
60534
60537
60538
60545
60549
60550
60551
60553
60555
60556
60557
60615
60616
60618
06062
60622
60625
60630
60633
60634
60638
60640
60641
60642
60643
60645
60647
60652
60656
60659
06066
60660
06067
60706
60707
60714
06076
60803
60805
06082
06088
60910
60911
60912
60913
60914
60915
60917
60918
60919
60920
60921
60922
60924
60926
60927
60928
60929
60930
60931
60933
60934
60935
60936
60938
60940
60941
60945
60946
60948
60949
60950
60951
60952
60953
60954
60955
60957
60959
06096
60960
60961
60962
60963
60964
60966
60968
60969
60973
60974
06098
61001
61006
61007
61008
61010
61011
61012
61013
61014
61015
61016
61018
61019
61020
61021
61024
61025
61027
61028
61030
61031
61036
61037
61039
61041
61042
61043
61044
61046
61047
61048
61049
61050
61051
61052
61053
61054
61059
61060
61061
61062
61063
61064
61067
61068
61070
61072
61075
61077
61078
61079
06108
61080
61081
61084
61085
61087
61088
61089
61091
06110
61107
61108
61109
06111
61111
61112
61115
06118
06119
61201
61230
61231
61232
61234
61235
61236
61238
61239
61240
61241
61242
61244
61250
61251
61252
61254
61256
61257
61258
61259
61260
61261
61262
61263
61264
61265
61270
61272
61273
61274
61275
61276
61277
61278
61279
61281
61283
61284
61285
61301
61310
61311
61312
61313
61314
61317
61318
61319
61320
61321
61325
61326
61327
61328
61329
61330
61332
61333
61334
61335
61336
61338
61340
61341
61342
61344
61345
61346
61348
61349
61350
61353
61354
61356
61358
61360
61361
61362
61363
61367
61368
61369
61370
61372
61373
61374
61375
61376
61377
61378
61379
61412
61413
61417
61418
61419
61421
61423
61424
61425
61426
61428
61430
61432
61435
61436
61437
61439
61442
61448
61449
61451
61458
61465
61466
61467
61468
61472
61473
61474
61475
61476
61478
61479
61483
61486
61488
61490
61491
61516
61523
61529
61530
61532
61533
61534
61535
61536
61539
61540
61541
61546
61547
61553
61554
61559
61560
61561
61562
61564
61565
61567
61568
61569
61571
61606
61607
61611
61614
61616
61701
61720
61721
61722
61723
61724
61726
61727
61728
61729
61730
61731
61733
61734
61735
61737
61738
61739
61740
61741
61742
61743
61744
61747
61748
61749
61750
61751
61752
61753
61755
61756
61759
61760
61761
61764
61769
61770
61771
61773
61775
61776
61777
61778
61802
61810
61811
61812
61814
61815
61816
61817
61818
61821
61830
61831
61834
61839
61840
61841
61842
61843
61844
61845
61847
61848
61849
61850
61851
61852
61853
61854
61855
61856
61857
61858
61859
61862
61863
61864
61865
61871
61872
61873
61874
61875
61876
61877
61878
61880
61882
61884
61910
61911
61912
61913
61914
61919
61925
61928
61931
61933
61936
61937
61951
61953
61955
61956
61957
62001
62006
62010
62011
62012
62013
62014
62015
62016
62019
62021
62022
62025
62027
62028
62031
62033
62035
62036
62037
62044
62045
62046
62047
62049
62050
62052
62054
62058
62063
62067
62074
62077
62078
62079
62080
62081
62086
62087
62091
62093
62095
62097
62098
62208
62214
62215
62216
62218
62219
62220
62221
62223
62225
62226
62230
62231
62232
62233
62234
62239
62240
62241
62242
62243
62244
62245
62246
62248
62249
62253
62254
62255
62257
62258
62260
62261
62262
62263
62264
62265
62266
62268
62271
62273
62275
62277
62278
62279
62281
62282
62284
62285
62289
62293
62294
62297
62298
62305
62320
62324
62325
62338
06234
62341
62347
62348
62349
06235
62351
62352
62353
62355
62359
62360
62361
62365
62373
62376
62379
06239
62401
06241
62410
62411
62414
62418
62421
62423
62424
62425
62426
62427
06243
62432
62434
62436
62440
62441
62442
62443
62444
62445
62447
62459
62461
62462
62463
62465
62467
62468
62469
62473
62474
62475
62477
62479
62480
62481
62501
62512
62513
62514
62515
62517
62518
62519
62520
62521
62530
62531
62532
62533
62537
62538
62539
06254
62540
62541
62543
62544
62545
62546
62547
62548
62549
06255
62550
62551
62554
62556
62558
06256
62560
62561
62567
62568
62570
62571
62572
62573
06260
62601
62610
62611
62612
62613
62615
62617
06262
62621
62622
62626
62627
62628
62630
62633
62634
62635
62638
06264
62640
62642
62643
62644
62649
62650
62655
62656
06266
62661
62663
62665
62666
62668
62670
62671
62672
62673
62675
62677
06268
62682
62685
62688
62689
62691
62692
62694
62695
62704
62707
06277
06278
06279
06280
62803
62807
62808
62811
62816
62817
62818
62823
62829
62830
62831
62838
62842
62848
62849
62850
62851
62852
62853
62861
62863
62867
62868
62869
62870
62871
62875
62876
62877
62878
62880
62885
62889
62892
62893
62894
62898
62912
62916
62918
62920
62933
62953
62958
62959
62965
62967
62972
62977
62979
62987
63010
63012
63013
63014
63015
63016
63019
63023
63026
63028
63031
63033
63034
63037
63039
63041
63043
63044
63047
63048
63049
63050
63051
63052
63053
63055
63056
63060
63068
63069
63070
63072
63073
63084
63088
63089
63090
63101
63104
63109
63123
63126
63130
63139
63146
06330
63301
63303
06331
06332
63330
63336
63339
63344
63345
63347
63348
63349
63352
63357
63362
63366
63369
63370
63373
63376
63377
63379
63381
63383
63385
63386
63387
63388
63389
63390
06340
63433
63435
63436
63441
63454
63459
63463
63467
63471
06350
06351
06354
06360
63627
63637
63662
63670
63701
06373
63732
63736
06374
63742
63743
63745
63746
63747
63755
63766
63769
06377
63770
63775
63781
63784
06379
06380
06382
63824
63826
06384
63841
63853
06387
06389
63962
06401
64011
64012
64014
64015
64016
64017
64018
64019
64020
64024
64029
06403
64035
64036
64040
64048
64055
64056
64057
64058
64061
64062
64063
64065
64066
64067
64068
64071
64072
64074
64075
64076
64077
64078
64079
64080
64083
64084
64085
64088
64089
64090
64097
64098
64101
64110
64114
64116
64118
64119
64131
64133
64136
64137
64138
64139
64145
64146
64147
64149
64151
64154
64155
64158
64161
64163
64164
64401
64422
64423
64427
64430
64432
64433
64434
64436
64439
64443
64444
64446
64448
64454
64455
64457
64458
64459
64465
64467
64471
64474
64476
64477
64479
64480
64482
64483
64484
64485
64487
64490
64491
64492
64493
64494
64496
64498
06450
64505
64506
06451
06456
06457
64622
64623
64633
64635
64638
64639
64643
64651
64656
64664
64668
64671
64682
64686
64688
64701
64722
64723
64725
64733
64734
64739
64741
64742
64743
64745
64746
64747
64755
64761
64804
06483
64830
64832
64833
64834
64835
64849
64855
64857
64858
64859
64862
65001
65010
65011
65016
65023
65024
65025
65032
65034
65035
65039
65040
65041
65043
65046
65048
65049
65050
65052
65053
65054
65058
65059
65063
65065
65067
65068
65074
65076
65077
65080
65085
65101
65109
06511
06512
06514
06515
06516
65202
65203
65230
65232
65240
65243
65251
65254
65255
65256
65257
65264
65279
65280
65284
65285
65287
65323
65325
65327
65329
65332
65337
65339
65344
65354
65443
65457
65470
65534
65543
65550
65583
65584
65591
65612
65616
65619
65620
65629
65630
65631
65648
65657
65662
65669
65672
65713
65714
65721
65731
65737
65738
65742
65753
65754
65757
65781
65804
65810
66002
66006
66007
66008
66012
66014
66015
66016
66017
66020
66021
66023
66025
66026
66027
66030
66035
66039
66040
66041
66042
66047
66048
66049
66050
66052
66053
66054
66058
06606
66060
66066
66070
66071
66072
66073
66076
66078
66079
66080
66083
66086
66087
66088
66091
66092
66093
66095
66097
66109
06615
66202
66203
66204
66212
66214
66215
66401
66402
66404
66407
66408
66413
66415
66416
66417
66418
66419
66422
66428
66429
66431
66432
66436
66440
66441
66449
66451
66501
66503
66507
66509
66510
66512
66514
66516
66517
66520
66521
66522
66524
66526
66528
66531
66533
66535
66536
66537
66538
66539
66540
66542
66543
66546
66547
66549
66550
66552
66554
66604
66609
66611
66614
66615
66617
66618
66619
66621
66622
66728
66732
66743
66755
66760
66763
66770
66772
66830
66833
66834
66835
66838
66839
66840
66842
66849
66852
66854
66856
66857
66860
66864
66865
66868
66871
66872
66873
66939
66949
66963
66964
66966
67001
67004
67008
67009
67010
67012
67013
67016
67017
67018
67019
67020
67021
67023
67025
67026
67028
67030
67031
67035
67037
67038
67039
67041
67042
06705
67050
67051
67052
67055
67056
67060
67062
67063
67065
67066
67067
67072
67073
67074
06708
67103
67105
67106
67107
67108
67110
67111
67112
67114
67118
67119
67120
67123
67131
67132
67133
67134
67135
67140
67142
67144
67146
67147
67149
67150
67151
67154
67159
67204
67207
67209
67212
67220
67232
67301
67330
67340
67341
67344
67347
67351
67354
67363
67364
67401
67410
67416
67422
67425
67428
67431
67432
67436
67439
67441
67442
67443
67447
67448
67451
67456
67458
67460
67464
67467
67468
67470
67480
67482
67484
67487
67490
67491
67492
67502
67513
67515
67516
67518
67519
67521
67522
67523
67525
67526
67529
67530
67543
67545
67546
67552
67553
67556
67557
67559
67560
67563
67566
67567
67570
67572
67574
67575
67578
67584
67601
67625
67637
67642
67650
67659
67660
67667
67671
67674
06770
67701
67732
67733
67734
67741
67743
67751
67752
67753
67757
67758
67762
06779
06782
67831
67834
67835
67837
67839
67840
67841
67842
67844
67846
67850
67851
67853
67855
67859
06786
67862
67863
67864
67865
67867
67868
67869
06787
67870
67871
67876
67877
67879
67880
67882
06790
67951
67952
67953
67954
68001
68002
68003
68005
68008
68014
68015
68016
68017
68018
68019
68025
68029
68030
68033
68036
68037
68040
68041
68042
68044
68045
68046
68048
68050
68061
68064
68065
68066
68068
68070
68073
06810
68106
68113
68114
68122
68123
68127
68128
68132
68134
68137
68138
68142
68144
68147
68152
68157
68164
68301
68307
68313
68314
68316
68317
68319
68320
68321
68324
68328
68329
68331
68333
68338
68341
68342
68343
68344
68346
68347
68349
68350
68357
68358
68359
68360
68364
68367
68368
68371
68372
68377
68378
68379
68382
68401
68403
68404
68405
68409
68410
68413
68414
68415
68417
68418
68419
68421
68422
68423
68424
68430
68434
68438
68439
68440
68445
68446
68448
68453
68454
68455
68456
68458
68460
68461
68463
68464
68465
68467
68502
68505
68506
68507
68510
68512
68521
68522
68528
68531
06854
06856
68601
68620
68621
68624
68626
68628
68629
68631
68634
68635
68641
68642
68643
68644
68647
68648
68649
68651
68653
68654
68658
68659
68661
68662
68663
68666
68667
68669
68701
68713
68715
68717
68727
68731
68733
68734
68741
68743
68745
68747
68748
68749
68752
68758
68766
68767
68768
68771
68779
68780
68781
68788
68791
68803
68810
68812
68814
68816
68818
68824
68827
68832
68836
68840
68841
68843
68845
68846
68847
68854
68855
68856
68858
68861
68864
68865
68866
68869
68870
68872
68874
68876
68881
68883
68901
68920
68923
68924
68925
68927
68937
68940
68944
68945
68949
68950
68954
68955
68956
68958
68959
68966
68969
68971
68973
68975
68976
68977
68979
68980
68982
06901
69020
69026
69034
69036
69101
69127
69130
69131
69138
69141
69142
69143
69144
69146
69149
69153
69155
69156
69161
69162
69165
69166
69167
69169
69170
69171
69346
69348
69353
69354
69355
69357
70001
70003
70006
07001
07002
07003
70030
70031
70036
70037
70043
70051
70052
70056
70057
70058
70065
70067
70068
70070
70071
70072
70075
70076
70079
07008
70080
70087
70090
07010
07011
70115
70116
70118
07012
70121
70122
70123
70125
70130
70131
07014
07022
07026
07027
07029
70301
07031
07032
07033
70339
70341
70342
70343
70344
70345
07035
70355
70357
70358
70359
07036
70360
70364
70373
70374
70375
70377
70390
70391
70392
70393
70394
70395
70397
70401
70402
70431
70433
70435
70437
70442
70445
70446
70449
70454
70455
70458
70460
70463
70464
07047
70506
70513
70515
70516
70517
70518
70520
70524
70528
70529
70533
70542
70548
70552
70555
70558
70563
07057
70575
70576
70582
70583
70584
70585
70592
07060
70611
07062
07063
70630
70631
70632
70634
70637
70638
70639
07064
70643
70644
70645
70646
70647
07065
70650
70651
70652
70654
70657
70658
70660
70662
70663
70665
70669
70706
07071
70710
70711
70712
70714
70719
07072
70721
70726
70729
07073
70730
70732
70733
70736
70737
70739
07074
70748
70749
70750
70752
70754
70755
70756
70762
70763
70764
07077
70770
70773
70774
70775
70776
70777
70778
70780
70785
70788
70791
70806
70809
70814
70815
70816
70818
70819
07088
07093
71004
71006
71007
71027
71028
71030
71032
71033
71037
71046
71047
71049
71051
07106
71063
71067
71072
71078
07109
71105
71111
71112
71115
71119
71129
71201
71203
71219
71225
71227
71234
71235
71238
71243
71264
71279
71280
71291
71292
71301
71303
71323
71325
71328
71331
71342
71346
71360
71367
71371
71403
71409
71418
71423
71424
71450
71467
71469
71485
71602
71724
71740
71758
71759
71762
71826
71833
71839
71861
71909
71964
71971
71998
71999
72002
72007
07201
72011
72012
72015
72019
72022
72023
72026
07203
72032
72034
72035
72038
07204
72044
72045
72047
72048
07205
72057
72058
72061
72065
72079
07208
72083
72086
72087
72106
72111
72113
72116
72119
72120
72122
72125
72132
72135
72136
72137
72140
72142
72143
72150
72173
72181
72202
72205
72210
72211
72227
72321
72325
72339
72364
72384
72404
72417
72426
72430
72464
72631
72660
72662
72703
72704
72712
72714
72715
72718
72719
72721
72722
72727
72732
72734
72736
72738
72739
72745
72751
72756
72758
72762
72764
72773
72802
72826
72903
72908
72916
72923
72936
72937
72940
72941
72944
73003
73004
73010
73014
73016
73020
73021
73024
73026
73027
73028
73036
07304
73043
73044
73045
73047
73049
07305
73050
73052
73054
73055
73056
73058
73059
07306
73061
73063
73064
73065
73066
07307
73073
73079
73080
73089
73090
73092
73093
73095
73096
73097
73099
73103
73118
73120
73121
73128
73130
73132
73135
73142
73150
73160
73165
73169
73179
73440
73443
73453
73459
73505
73526
73527
73528
73532
73533
73538
73539
73540
73541
73543
73549
73557
73560
73567
73572
73620
73625
73628
73632
73638
73639
73642
73644
73646
73650
73654
73658
73659
73660
73663
73666
73667
73669
73703
73705
73716
73717
73718
73719
73720
73722
73724
73726
73727
73728
73729
73730
73731
73734
73735
73737
73738
73739
73741
73742
73743
73744
73746
73747
73749
73750
73753
73754
73755
73756
73757
73758
73760
73761
73762
73763
73764
73768
73772
73773
73801
73832
73834
73838
73840
73841
73842
73843
73844
73852
73853
73857
73858
73860
73931
73932
73938
73939
73942
73944
73950
74006
74008
74011
74012
74014
74015
74017
74019
74021
74026
74027
74030
74032
74033
74036
74037
74041
74044
74047
74051
74053
74055
74059
74060
74061
74063
74066
74068
07407
74070
74073
74079
74080
74082
74105
74117
74131
74132
74133
74134
74135
74136
74145
07416
07419
07424
74330
74331
74347
74359
74361
74364
74368
07439
74421
74423
74429
74434
74445
74446
74454
74456
74458
74463
74477
74531
74565
74604
74630
74640
74644
74651
74723
74738
74804
74827
74850
74851
74855
74857
74943
74944
75001
75006
07502
75038
07504
75040
75043
75044
75052
75057
75058
75060
75062
75067
75068
75069
75074
75076
75080
75081
75092
75098
75101
75102
75103
75104
75105
75109
75114
75115
75116
75119
75124
75125
75132
75134
75135
75137
75142
75143
75146
75147
75149
75150
75152
75153
75154
75155
75157
75158
75160
75161
75163
75165
75166
75169
75173
75189
75202
75204
75206
75208
75220
75226
75234
75238
75240
75243
75249
75254
75287
75402
75407
75409
75410
75411
75413
75414
75415
75420
75421
75422
75423
75424
75433
75437
75438
75439
75441
75442
75448
75449
75450
75451
75452
75453
75454
75457
75459
75462
75469
75470
75473
75474
75475
75477
75479
75480
75481
75482
75486
75487
75489
75490
75491
75493
75494
75495
75497
75503
75555
75558
75565
75567
75569
75573
75574
75601
75603
75604
75605
75631
75633
75640
75641
75642
75643
75645
75647
75650
75651
75652
75654
75661
75662
75669
75672
75681
75683
75691
75692
75693
75701
75703
75705
75707
75709
75750
75755
75756
75757
75758
75759
75762
75763
75765
75770
75771
75773
75779
75783
75788
75789
75791
75792
75801
75803
75832
75833
75838
75840
75844
75846
75849
75850
75851
75853
75859
75861
75901
75904
75942
75943
75973
75975
76002
76006
76009
07601
76012
76013
76015
76017
76018
76020
76021
76022
76023
76028
76033
76036
76039
76040
76041
76044
76048
76050
76053
76058
76059
07606
76060
76061
76066
76071
76073
76078
07608
76082
76084
76085
76088
76093
76102
76107
76108
76116
76118
76120
76127
76131
76132
76133
76134
76135
76137
76140
76148
76177
76179
76180
76205
76207
76208
76209
76225
76227
76228
76230
76233
76234
76238
76239
76240
76245
76247
76249
76250
76251
76252
76253
76258
76259
76263
76264
76265
76266
76268
76270
76271
76272
76273
76302
76305
76308
76309
76310
76354
76357
76365
76366
76367
76370
76372
76377
76388
76426
76427
76429
07643
76430
76431
76432
07644
76449
76450
76453
76458
76459
76462
76464
76472
76475
76476
76481
76484
76486
76487
76490
07650
76501
76502
76511
76513
76522
76523
76525
76527
76531
76534
76537
76538
76539
76542
76548
76549
76550
76554
76557
76559
76561
76565
76566
76569
07657
76577
76578
76579
07660
07662
76621
76622
76623
76624
76626
76627
76628
76630
76631
76633
76634
76637
76639
76640
76641
76642
76643
76648
76649
76650
76651
76652
76654
76655
76657
76660
76666
76670
76671
76676
76679
76681
76686
76687
76689
76690
76691
76692
76710
76712
76802
76820
76823
76827
76831
76836
76837
76841
76842
76848
76849
76852
76854
76856
76858
76859
76861
76862
76866
76869
76872
76874
76875
76887
76890
76901
76904
76930
76932
76934
76935
76936
76937
76939
76940
76941
76943
76950
76955
76957
76958
77003
77009
77014
77018
07703
77031
77035
77040
77042
77043
77044
77047
77049
77055
77057
77058
77063
77064
77065
77066
77070
77071
77073
77075
77082
77083
77084
77085
77089
07712
07720
77302
77303
77304
77306
77316
77318
77328
77331
77334
77338
07734
07735
77357
77358
77359
77363
77364
77365
77367
77372
77373
77374
77376
77378
77385
77396
07740
77407
77414
77415
77417
77418
77419
77422
77423
77426
77430
77437
77440
77444
77447
77449
77451
77455
77456
77457
77458
77461
77464
77468
77469
77471
77473
77474
77477
77480
77482
77483
77484
77485
77486
77489
77493
77510
77511
77514
77515
77517
77518
77519
77521
07753
77530
77532
77534
77535
77538
77539
77545
77551
77554
07756
77561
77562
77563
77564
77566
77568
77571
77575
77577
77580
77581
77585
77590
77598
77611
77612
77613
77614
77615
77617
77619
77622
77623
77625
77627
77629
77630
77632
77650
77651
77655
77656
77657
77659
77661
77663
77665
77706
77707
77713
77802
77807
77830
77833
77835
77836
77853
77855
77856
77861
77865
77867
77871
77872
77873
77880
77904
77905
77950
77954
77957
77960
77961
77962
77963
77964
77968
77969
77970
77971
77973
77974
77977
77978
77979
77984
77987
77988
77991
77993
78003
78008
78009
07801
78010
78012
78013
78024
78025
78027
78028
78039
78041
78045
78050
78052
78055
78056
78058
78059
78060
78063
78064
78066
78071
78101
78102
78104
78107
78108
78109
78112
78113
78114
78116
78117
78121
78123
78124
78125
78130
78133
78141
78142
78143
78144
78145
78146
78147
78148
78150
78152
78154
78155
78159
78160
78161
78162
78164
78205
78212
78215
78216
78217
78222
07823
78230
78233
78234
78239
78240
78244
78245
78247
78249
78250
78251
78254
78263
78264
07827
07830
78330
78336
78340
78342
78343
78351
78352
78358
78362
78369
78370
78372
78373
78374
78379
78380
78382
78383
78390
78393
78402
78404
78410
78411
78412
78413
78418
78419
78503
78504
78539
78552
07857
78575
78597
78602
78605
78606
78608
78611
78612
78615
78616
78618
78621
78623
78624
78626
78629
07863
78631
78632
78633
78634
78635
78636
78640
78641
78642
78644
78650
78653
78654
78659
78660
78662
78663
78664
78671
78675
78677
78704
78719
78722
78725
78727
78728
78729
78747
78748
78754
78756
78757
78828
78837
78850
78861
78871
78880
78883
78885
78886
78931
78932
78933
78934
78935
78938
78940
78941
78942
78944
78945
78946
78947
78948
78949
78950
78953
78954
78963
79001
79003
79005
79007
79010
79011
79012
79013
79014
79015
79018
79019
79021
79022
79024
79025
79032
79034
79039
79040
79042
79044
79046
79051
79054
79056
79057
79058
79059
79061
79062
79065
79068
79070
79079
79080
79081
79083
79084
79085
79086
79087
79092
79094
79095
79096
79097
79098
79105
79108
79109
79110
79111
79118
79201
79226
79230
79237
79240
79251
79259
79311
79316
79323
79329
79336
79342
79343
79345
79351
79353
79355
79358
79359
79360
79363
79366
79367
79372
79376
79377
79378
79380
79382
79407
79410
79413
79416
79423
79502
79506
79508
79511
79517
79526
79527
79530
79535
79537
79539
79540
79541
79543
79544
79545
79547
79548
79549
79561
79562
79563
79566
79602
79606
79703
79706
79713
79714
79730
79731
79733
79739
79743
79744
79748
79749
79752
79754
79755
79762
79764
79766
79778
79782
79783
79831
79834
79837
79842
79852
79855
79908
79912
79932
79934
79936
79938
79942
80002
80003
80004
80013
80014
80017
80019
08002
80021
80022
80031
80033
08005
08007
08009
08010
80101
80102
80103
80105
08011
80117
08012
80120
80136
08015
08016
08019
80202
80205
80207
08021
80211
80212
80215
80218
80222
80224
80226
80227
80229
08023
80231
80232
80233
80234
80235
80236
80237
80239
80246
80249
08027
08028
08029
08030
80302
80303
08031
08037
08038
80420
80421
80422
80424
80427
80428
80436
80438
80440
80442
80444
80446
80447
80448
80449
08045
80451
80452
80459
08046
80463
80467
80468
80469
80475
80476
80477
80478
80479
80482
80483
80487
80488
08049
08050
80501
80510
80511
80512
80514
80517
08052
80520
80524
80525
80526
80530
80534
80535
80536
80537
80538
80543
80545
80549
80550
08059
08060
80601
80603
80610
80611
80612
80615
80621
80622
80623
80624
08063
80634
08064
80640
80642
80643
80645
80648
80649
08065
80650
80651
80652
80653
80654
08066
08067
08068
08069
08070
08071
08072
80721
80722
80723
80728
80729
80733
80734
80735
80736
80740
80741
80742
80743
80745
08075
80750
80751
80754
80755
80757
08078
08079
80801
80802
80808
08081
80810
80812
80814
80816
80817
80818
80819
80820
80825
80827
80828
80829
08083
80830
80831
80832
80833
80835
80836
08084
08086
80860
80862
80863
80864
08087
08089
80904
80907
08091
80911
80913
80915
80917
80918
08092
80922
80923
80925
80927
80928
80929
08093
80930
80938
08094
08095
80951
08096
81005
81006
81007
81008
81019
81022
81023
81027
81029
81030
81040
81049
81055
81059
08106
81064
81069
08107
08108
81081
81084
08109
81090
81091
81092
08110
81122
81147
81154
81210
81211
81220
81224
81225
81227
81230
81236
81237
81239
81240
81241
81242
81243
81252
81253
81301
81303
81321
81323
81324
81325
81326
81327
81328
81330
81331
81335
81401
81403
81410
81413
81418
81423
81425
81426
81427
81430
81432
81434
81503
81504
81505
81521
81522
81523
81526
81527
81601
81610
81623
81624
81625
81630
81633
81635
81637
81638
81639
81640
81643
81645
81646
81647
81648
81649
81650
81652
81653
82001
82005
08201
08203
08204
08205
82050
82053
82054
82060
82070
82073
08210
08212
08215
08217
82201
82210
82217
82221
82222
82224
82225
82227
82229
08224
82240
82242
82243
82244
08225
08226
82301
82321
82323
82325
82331
82332
82334
08234
82401
08241
82410
82411
82412
82414
08242
82420
82421
82422
82423
82426
82428
82431
82432
82433
82434
82435
08244
82440
82441
82442
82450
82501
08251
82510
82513
82515
82516
82520
82523
08260
82601
82604
82609
82633
82635
82637
82639
82640
82642
82643
82649
08270
82701
82710
82711
82714
82716
82720
82721
82723
82725
82727
82730
82731
82831
82832
82833
82834
82835
82836
82837
82838
82839
82842
82844
82845
82901
82922
82929
82930
82933
82934
82935
82936
82937
82938
82939
82943
82944
08310
83101
08311
83110
83113
83114
83115
83116
83119
08312
83121
83122
83123
83124
83126
08317
08318
08319
83201
83202
83204
83209
83210
83214
83215
83217
83218
83221
83234
83236
83237
83241
83246
83250
08326
83262
83263
83274
83277
08328
83281
83285
08330
83302
83313
83316
08332
83320
83321
83322
83327
83333
83334
83337
83344
83346
83348
83353
83354
83401
83402
83404
83406
08341
83422
83424
83427
83429
08343
83431
83433
83434
83436
08344
83442
83443
83448
83451
83452
83454
83455
08346
08350
83501
08352
83524
83525
08353
83535
83537
83540
83545
08360
83602
83607
83611
83615
83622
83626
83629
83631
83634
83636
83637
83638
83641
83642
83644
83646
83647
83654
83655
83666
83677
83686
83702
83703
83704
83706
83709
83713
83714
83801
83803
83806
83809
83810
83811
83813
83814
83815
83821
83823
83825
83832
83833
83835
83836
83840
83841
83842
83848
83852
83854
83858
83860
83864
83869
83871
83876
84001
84002
84005
84006
84007
84015
84017
84018
84021
84022
84023
84024
84027
84028
84029
84031
84033
84034
84035
84036
84038
84041
84043
84044
84045
84046
84047
84050
84051
84052
84053
84055
84057
84058
08406
84061
84064
84067
84069
84070
84071
84072
84073
84074
84075
84078
84080
84081
84083
84084
84086
84087
84088
84094
84096
84097
84105
84106
84107
84118
84120
84123
84128
84301
84302
84304
84305
84306
84307
84308
84309
84311
84312
84313
84314
84315
84316
84318
84319
84320
84321
84324
84325
84326
84327
84328
84329
84330
84331
84332
84333
84334
84335
84336
84337
84338
84339
84340
84341
84403
84404
84405
84414
84513
84516
84518
84521
84526
84528
84530
84531
84535
84536
84537
84542
84604
84624
84626
84628
84629
84631
84633
84635
84636
84637
84638
84639
84640
84645
84647
84648
84649
84651
84655
84656
84657
84660
84662
84663
84664
84701
84711
84712
84715
84716
84718
84722
84725
84726
84728
84730
84733
84734
84736
84737
84738
84741
84744
84746
84747
84749
84751
84752
84757
84763
84764
84767
84770
84773
84774
84775
84776
84779
84780
84781
84782
84783
84784
84790
85012
85013
85014
85016
85020
85021
85022
85023
85024
85027
85029
85032
85037
85041
85042
85043
85053
85118
85119
85122
85138
85139
85140
85141
85142
85143
85145
08515
08518
85194
85202
85203
85204
85205
85206
85208
85209
85212
85213
85215
85224
85225
85250
85251
85257
85282
85283
85302
85303
85304
85305
85306
85307
85320
85322
85323
85326
85332
85335
85338
85339
85342
85343
85345
85352
85353
85354
85360
85361
85362
85365
85367
85373
85374
85375
85379
85381
85382
85387
85388
85390
85392
85395
85531
08554
85540
85552
85601
85603
85609
85611
85614
85615
85619
08562
85622
85624
85629
85630
85633
85635
85637
85640
85643
85645
85646
85648
85650
85653
85654
85704
85715
85730
85735
85739
85741
85742
85743
85745
85747
85748
85757
85925
85929
85935
85936
85937
85938
86001
86004
86015
86018
86023
86025
86029
86040
86044
86045
86046
86052
08610
08618
08629
86301
86303
86305
86315
86321
86323
86324
86325
86327
86331
86332
86336
86338
08638
86401
86404
86406
08641
86411
86426
86433
86435
86436
86437
86438
86443
86444
86445
86515
87001
08701
87010
87015
87022
87024
87025
87026
87031
87042
87044
87053
87056
87059
87068
87072
87083
87104
87107
87109
87110
87111
87112
87113
87114
87116
87117
87120
87123
87124
87144
08721
08722
08723
08724
08731
08733
87347
08735
08740
87401
87410
87412
87413
87415
87417
87418
87419
87505
87507
87508
08751
87511
87512
87514
08752
87525
87532
87535
87540
87556
87558
87564
87580
87582
88002
88004
88007
88008
88011
88025
88027
88028
88033
88044
88046
08805
88051
88055
88063
88065
88112
88114
88118
88120
88135
88201
88210
88231
88240
88242
88250
88253
88254
88255
88262
88264
88267
88268
88311
88316
08832
88323
88337
88345
08835
88355
08859
08861
08863
08865
08879
08882
08884
89007
08901
89011
89013
89014
89015
89018
89021
89022
89025
89029
89031
89032
89040
89042
89043
89045
89047
89049
89081
89084
89086
89107
89108
89109
89110
89117
89118
89120
89121
89123
89128
89129
89130
89139
89142
89143
89145
89146
89147
89148
89156
89161
89183
89310
89314
89316
89317
89403
89404
89405
89406
89408
89409
89410
89412
89414
89425
89426
89428
89430
89433
89434
89438
89440
89444
89445
89446
89460
89503
89506
89508
89510
89521
89523
89701
89702
89705
89706
89801
89820
89821
89822
90004
90010
90019
90020
90026
90027
90032
90034
90039
90040
90041
90042
90043
90065
90241
90242
90248
90249
90250
90260
90302
90305
90401
90404
90501
90502
90504
90601
90602
90604
90605
90606
90620
90621
90631
90640
90650
90660
90670
90680
90701
90704
90706
90710
90715
90716
90717
90731
90745
90802
90805
90810
90815
91010
91016
91020
91040
91042
91046
91101
91103
91104
91201
91203
91210
91303
91304
91306
91321
91324
91325
91330
91331
91335
91342
91343
91345
91351
91352
91401
91406
91411
91501
91502
91505
91601
91605
91607
91702
91706
91710
91722
91723
91724
91730
91732
91740
91744
91746
91748
91754
91755
91761
91762
91763
91764
91766
91767
91768
91770
91776
91780
91786
91790
91792
91801
91803
91905
91906
91910
91911
91916
91931
91932
91934
91942
91945
91948
91962
91963
91977
91978
91980
92008
92020
92021
92025
92026
92027
92028
92036
92040
92054
92056
92057
92058
92059
92060
92066
92069
92070
92071
92081
92083
92084
92086
92101
92103
92104
92107
92108
92109
92110
92111
92114
92115
92116
92117
92119
92123
92139
92147
92154
92201
92223
92227
92230
92234
92239
92243
92249
92250
92251
92260
92262
92264
92282
92284
92307
92308
92310
92311
92313
92315
92316
92320
92322
92324
92325
92333
92335
92337
92341
92342
92344
92345
92346
92347
92354
92359
92371
92372
92374
92376
92377
92378
92382
92385
92392
92394
92395
92398
92399
92407
92501
92503
92504
92505
92509
92518
92530
92532
92536
92539
92544
92545
92549
92551
92553
92555
92557
92561
92567
92570
92571
92582
92584
92585
92586
92587
92591
92595
92617
92627
92637
92647
92655
92683
92701
92703
92704
92706
92707
92780
92801
92802
92804
92805
92806
92821
92831
92832
92840
92841
92843
92844
92866
92868
92879
93001
93003
93015
93030
93033
93036
93040
93041
93043
93060
93101
93117
93202
93206
93207
93208
93220
93221
93222
93224
93225
93226
93230
93235
93238
93242
93243
93244
93245
93251
93252
93254
93255
93260
93262
93265
93271
93274
93276
93277
93285
93287
93291
93292
93306
93308
93309
93313
93401
93402
93422
93426
93430
93433
93436
93437
93442
93444
93446
93450
93453
93454
93455
93458
93505
93512
93513
93514
93516
93518
93523
93524
93526
93527
93529
93535
93536
93543
93544
93546
93552
93553
93555
93560
93563
93591
93601
93602
93603
93604
93605
93609
93610
93614
93616
93621
93623
93625
93628
93630
93631
93633
93634
93635
93636
93637
93641
93643
93644
93645
93653
93654
93657
93662
93664
93669
93675
93704
93722
93723
93727
93901
93906
93907
93925
93926
93927
93928
93930
93932
93933
93943
93954
93955
93962
94014
94063
94103
94108
94124
94128
94130
94132
94133
94134
94305
94501
94503
94509
94511
94512
94514
94515
94519
94520
94525
94533
94535
94541
94544
94545
94559
94565
94571
94572
94577
94578
94579
94580
94585
94589
94590
94592
94605
94608
94609
94613
94702
94703
94709
94710
94720
94804
94805
94806
94928
94931
94951
95002
95010
95012
95019
95023
95039
95050
95053
95062
95064
95076
95110
95111
95112
95113
95116
95117
95122
95127
95128
95204
95206
95209
95211
95215
95222
95223
95224
95225
95226
95227
95228
95230
95231
95233
95234
95237
95240
95245
95246
95247
95249
95250
95251
95252
95254
95258
95301
95305
95306
95307
95310
95311
95312
95313
95317
95318
95320
95321
95322
95323
95324
95326
95329
95330
95333
95334
95335
95336
95337
95340
95346
95348
95350
95355
95356
95357
95358
95360
95361
95363
95364
95367
95370
95372
95374
95375
95376
95379
95380
95382
95383
95385
95386
95387
95389
95401
95403
95404
95407
95410
95420
95421
95425
95426
95430
95432
95436
95439
95445
95446
95449
95451
95453
95456
95457
95459
95460
95461
95462
95467
95468
95469
95470
95471
95476
95482
95486
95490
95501
95503
95519
95524
95525
95526
95528
95536
95537
95540
95543
95545
95547
95549
95550
95551
95555
95558
95562
95565
95567
95569
95570
95601
95602
95603
95604
95606
95607
95608
95610
95615
95616
95619
95620
95621
95623
95627
95629
95631
95632
95633
95634
95635
95636
95637
95639
95640
95641
95642
95645
95653
95655
95662
95665
95666
95667
95669
95670
95673
95675
95677
95678
95679
95680
95681
95684
95685
95686
95687
95688
95689
95690
95691
95692
95694
95695
95697
95698
95699
95701
95703
95709
95713
95714
95715
95717
95720
95721
95724
95726
95728
95735
95736
95776
95816
95818
95821
95822
95825
95826
95827
95828
95831
95833
95834
95842
95843
95901
95910
95912
95914
95917
95919
95920
95922
95923
95925
95926
95928
95932
95935
95936
95937
95943
95944
95945
95946
95949
95950
95953
95955
95956
95957
95959
95960
95961
95962
95963
95969
95970
95973
95974
95975
95977
95979
95981
95982
95986
95987
95988
95991
95993
96001
96002
96003
96006
96008
96009
96011
96015
96016
96017
96022
96028
96029
96032
96034
96038
96040
96051
96056
96059
96061
96062
96063
96065
96067
96068
96069
96073
96074
96075
96076
96084
96088
96091
96093
96096
96103
96105
96106
96108
96109
96111
96113
96116
96117
96118
96119
96121
96122
96123
96124
96125
96126
96128
96129
96130
96132
96135
96136
96137
96140
96141
96142
96143
96145
96146
96155
96704
96705
96708
96710
96714
96716
96717
96719
96720
96725
96726
96727
96728
96730
96732
96737
96740
96741
96746
96747
96748
96750
96752
96753
96755
96759
96760
96762
96763
96764
96765
96766
96771
96772
96773
96774
96776
96777
96780
96781
96782
96783
96785
96786
96791
96792
96793
96796
96813
96814
96815
96817
96818
96819
96826
96860
96863
97002
97004
97005
97006
97007
97008
97011
97013
97014
97015
97017
97018
97019
97020
97022
97023
97024
97026
97027
97028
97030
97031
97032
97038
97041
97042
97045
97049
97051
97053
97054
97055
97056
97058
97060
97064
97067
97070
97080
97101
97102
97106
97108
97110
97111
97112
97113
97114
97115
97116
97123
97124
97125
97127
97128
97132
97134
97137
97138
97144
97145
97146
97148
97201
97202
97205
97206
97209
97211
97213
97214
97215
97217
97218
97222
97223
97224
97227
97230
97232
97236
97267
97302
97303
97304
97306
97317
97321
97324
97325
97326
97327
97329
97330
97333
97338
97341
97343
97346
97348
97350
97351
97352
97355
97357
97358
97360
97365
97366
97369
97370
97371
97374
97375
97377
97378
97380
97381
97383
97385
97386
97389
97391
97392
97403
97404
97405
97413
97419
97426
97431
97435
97436
97437
97438
97446
97448
97449
97452
97454
97455
97456
97459
97461
97462
97471
97478
97486
97487
97488
97489
97490
97493
97502
97503
97504
97520
97524
97525
97530
97532
97537
97543
97601
97603
97625
97627
97630
97633
97634
97701
97702
97707
97711
97753
97756
97759
97760
97801
97813
97818
97824
97826
97827
97833
97835
97836
97837
97838
97839
97841
97842
97843
97844
97846
97850
97859
97867
97868
97875
97876
97877
97880
97884
97886
97903
97906
97908
97911
97920
98001
98003
98007
98022
98023
98030
98031
98032
98036
98037
98043
98047
98055
98056
98057
98087
98101
98105
98106
98107
98108
98118
98121
98122
98125
98126
98133
98134
98144
98146
98148
98168
98178
98198
98203
98205
98207
98208
98221
98222
98223
98226
98229
98230
98233
98235
98236
98238
98239
98240
98241
98243
98245
98247
98248
98249
98250
98251
98252
98253
98256
98257
98260
98261
98262
98264
98270
98271
98272
98273
98274
98276
98277
98279
98280
98281
98282
98284
98286
98290
98292
98294
98295
98297
98303
98304
98311
98312
98321
98323
98325
98326
98328
98329
98330
98336
98338
98339
98340
98342
98346
98349
98351
98354
98356
98359
98360
98363
98365
98366
98367
98368
98370
98371
98372
98373
98374
98375
98381
98382
98383
98385
98387
98388
98390
98392
98394
98396
98403
98406
98407
98408
98416
98418
98424
98438
98443
98445
98446
98465
98466
98467
98498
98501
98502
98503
98506
98512
98513
98516
98520
98524
98526
98528
98530
98532
98535
98536
98538
98544
98546
98548
98552
98557
98558
98559
98560
98562
98563
98565
98568
98569
98570
98571
98572
98575
98576
98579
98580
98581
98584
98588
98589
98592
98596
98597
98603
98604
98605
98611
98614
98625
98626
98629
98632
98639
98645
98648
98650
98661
98662
98663
98664
98665
98671
98672
98674
98682
98683
98684
98686
98801
98802
98812
98815
98816
98817
98821
98824
98826
98828
98831
98832
98833
98836
98837
98845
98846
98847
98850
98858
98860
98862
98903
98908
98921
98923
98934
98936
98937
98942
98946
98947
98950
98952
98953
99003
99004
99006
99008
99009
99013
99016
99022
99025
99026
99027
99029
99030
99031
99032
99034
99037
99102
99105
99110
99111
99113
99119
99122
99124
99130
99134
99136
99143
99144
99148
99154
99155
99158
99159
99161
99174
99176
99179
99180
99203
99206
99208
99212
99217
99218
99223
99224
99301
99320
99323
99324
99326
99328
99329
99330
99333
99337
99341
99343
99348
99350
99354
99359
99360
99361
99363
99371
99401
99402
99501
99503
99504
99505
99506
99508
99518
99546
99547
99548
99549
99550
99553
99556
99557
99564
99565
99566
99568
99571
99573
99574
99575
99579
99583
99586
99588
99591
99603
99606
99607
99610
99611
99612
99613
99615
99624
99625
99626
99638
99639
99640
99643
99644
99645
99647
99648
99649
99652
99653
99654
99656
99660
99661
99664
99668
99669
99672
99674
99677
99686
99688
99689
99693
99694
99695
99701
99702
99703
99704
99705
99706
99714
99721
99726
99729
99737
99743
99744
99747
99752
99755
99756
99758
99759
99760
99766
99767
99774
99777
99782
99789
99790
99791
99820
99825
99826
99827
99829
99830
99832
99833
99835
99836
99841
99901
99903
99918
99919
99921
99922
99925
99927
99929
